THROUGHPUT_PLOT
Link_3_Throughput (Bi-directional Aggregated)
102623.040000,1488.000000,
122623.040000,1488.000000,
142623.040000,1488.000000,
162623.040000,1488.000000,
182623.040000,1488.000000,
202623.040000,1488.000000,
222623.040000,1488.000000,
242623.040000,1488.000000,
262623.040000,1488.000000,
282623.040000,1488.000000,
302623.040000,1488.000000,
322623.040000,1488.000000,
342623.040000,1488.000000,
362623.040000,1488.000000,
382623.040000,1488.000000,
402623.040000,1488.000000,
422623.040000,1488.000000,
442623.040000,1488.000000,
462623.040000,1488.000000,
482623.040000,1488.000000,
502623.040000,1488.000000,
522623.040000,1488.000000,
542623.040000,1488.000000,
562623.040000,1488.000000,
582623.040000,1488.000000,
602623.040000,1488.000000,
622623.040000,1488.000000,
642623.040000,1488.000000,
662623.040000,1488.000000,
682623.040000,1488.000000,
702623.040000,1488.000000,
722623.040000,1488.000000,
742623.040000,1488.000000,
762623.040000,1488.000000,
782623.040000,1488.000000,
802623.040000,1488.000000,
822623.040000,1488.000000,
842623.040000,1488.000000,
862623.040000,1488.000000,
882623.040000,1488.000000,
902623.040000,1488.000000,
922623.040000,1488.000000,
942623.040000,1488.000000,
962623.040000,1488.000000,
982623.040000,1488.000000,
1002623.040000,1488.000000,
1022623.040000,1488.000000,
1042623.040000,1488.000000,
1062623.040000,1488.000000,
1082623.040000,1488.000000,
1102623.040000,1488.000000,
1122623.040000,1488.000000,
1142623.040000,1488.000000,
1162623.040000,1488.000000,
1182623.040000,1488.000000,
1202623.040000,1488.000000,
1222623.040000,1488.000000,
1242623.040000,1488.000000,
1262623.040000,1488.000000,
1282623.040000,1488.000000,
1302623.040000,1488.000000,
1322623.040000,1488.000000,
1342623.040000,1488.000000,
1362623.040000,1488.000000,
1382623.040000,1488.000000,
1402623.040000,1488.000000,
1422623.040000,1488.000000,
1442623.040000,1488.000000,
1462623.040000,1488.000000,
1482623.040000,1488.000000,
1502623.040000,1488.000000,
1522623.040000,1488.000000,
1542623.040000,1488.000000,
1562623.040000,1488.000000,
1582623.040000,1488.000000,
1602623.040000,1488.000000,
1622623.040000,1488.000000,
1642623.040000,1488.000000,
1662623.040000,1488.000000,
1682623.040000,1488.000000,
1702623.040000,1488.000000,
1722623.040000,1488.000000,
1742623.040000,1488.000000,
1762623.040000,1488.000000,
1782623.040000,1488.000000,
1802623.040000,1488.000000,
1822623.040000,1488.000000,
1842623.040000,1488.000000,
1862623.040000,1488.000000,
1882623.040000,1488.000000,
1902623.040000,1488.000000,
1922623.040000,1488.000000,
1942623.040000,1488.000000,
1962623.040000,1488.000000,
1982623.040000,1488.000000,
2002623.040000,1488.000000,
2022623.040000,1488.000000,
2042623.040000,1488.000000,
2062623.040000,1488.000000,
2082623.040000,1488.000000,
2102623.040000,1488.000000,
2122623.040000,1488.000000,
2142623.040000,1488.000000,
2162623.040000,1488.000000,
2182623.040000,1488.000000,
2202623.040000,1488.000000,
2222623.040000,1488.000000,
2242623.040000,1488.000000,
2262623.040000,1488.000000,
2282623.040000,1488.000000,
2302623.040000,1488.000000,
2322623.040000,1488.000000,
2342623.040000,1488.000000,
2362623.040000,1488.000000,
2382623.040000,1488.000000,
2402623.040000,1488.000000,
2422623.040000,1488.000000,
2442623.040000,1488.000000,
2462623.040000,1488.000000,
2482623.040000,1488.000000,
2502623.040000,1488.000000,
2522623.040000,1488.000000,
2542623.040000,1488.000000,
2562623.040000,1488.000000,
2582623.040000,1488.000000,
2602623.040000,1488.000000,
2622623.040000,1488.000000,
2642623.040000,1488.000000,
2662623.040000,1488.000000,
2682623.040000,1488.000000,
2702623.040000,1488.000000,
2722623.040000,1488.000000,
2742623.040000,1488.000000,
2762623.040000,1488.000000,
2782623.040000,1488.000000,
2802623.040000,1488.000000,
2822623.040000,1488.000000,
2842623.040000,1488.000000,
2862623.040000,1488.000000,
2882623.040000,1488.000000,
2902623.040000,1488.000000,
2922623.040000,1488.000000,
2942623.040000,1488.000000,
2962623.040000,1488.000000,
2982623.040000,1488.000000,
3002623.040000,1488.000000,
3022623.040000,1488.000000,
3042623.040000,1488.000000,
3062623.040000,1488.000000,
3082623.040000,1488.000000,
3102623.040000,1488.000000,
3122623.040000,1488.000000,
3142623.040000,1488.000000,
3162623.040000,1488.000000,
3182623.040000,1488.000000,
3202623.040000,1488.000000,
3222623.040000,1488.000000,
3242623.040000,1488.000000,
3262623.040000,1488.000000,
3282623.040000,1488.000000,
3302623.040000,1488.000000,
3322623.040000,1488.000000,
3342623.040000,1488.000000,
3362623.040000,1488.000000,
3382623.040000,1488.000000,
3402623.040000,1488.000000,
3422623.040000,1488.000000,
3442623.040000,1488.000000,
3462623.040000,1488.000000,
3482623.040000,1488.000000,
3502623.040000,1488.000000,
3522623.040000,1488.000000,
3542623.040000,1488.000000,
3562623.040000,1488.000000,
3582623.040000,1488.000000,
3602623.040000,1488.000000,
3622623.040000,1488.000000,
3642623.040000,1488.000000,
3662623.040000,1488.000000,
3682623.040000,1488.000000,
3702623.040000,1488.000000,
3722623.040000,1488.000000,
3742623.040000,1488.000000,
3762623.040000,1488.000000,
3782623.040000,1488.000000,
3802623.040000,1488.000000,
3822623.040000,1488.000000,
3842623.040000,1488.000000,
3862623.040000,1488.000000,
3882623.040000,1488.000000,
3902623.040000,1488.000000,
3922623.040000,1488.000000,
3942623.040000,1488.000000,
3962623.040000,1488.000000,
3982623.040000,1488.000000,
4002623.040000,1488.000000,
4022623.040000,1488.000000,
4042623.040000,1488.000000,
4062623.040000,1488.000000,
4082623.040000,1488.000000,
4102623.040000,1488.000000,
4122623.040000,1488.000000,
4142623.040000,1488.000000,
4162623.040000,1488.000000,
4182623.040000,1488.000000,
4202623.040000,1488.000000,
4222623.040000,1488.000000,
4242623.040000,1488.000000,
4262623.040000,1488.000000,
4282623.040000,1488.000000,
4302623.040000,1488.000000,
4322623.040000,1488.000000,
4342623.040000,1488.000000,
4362623.040000,1488.000000,
4382623.040000,1488.000000,
4402623.040000,1488.000000,
4422623.040000,1488.000000,
4442623.040000,1488.000000,
4462623.040000,1488.000000,
4482623.040000,1488.000000,
4502623.040000,1488.000000,
4522623.040000,1488.000000,
4542623.040000,1488.000000,
4562623.040000,1488.000000,
4582623.040000,1488.000000,
4602623.040000,1488.000000,
4622623.040000,1488.000000,
4642623.040000,1488.000000,
4662623.040000,1488.000000,
4682623.040000,1488.000000,
4702623.040000,1488.000000,
4722623.040000,1488.000000,
4742623.040000,1488.000000,
4762623.040000,1488.000000,
4782623.040000,1488.000000,
4802623.040000,1488.000000,
4822623.040000,1488.000000,
4842623.040000,1488.000000,
4862623.040000,1488.000000,
4882623.040000,1488.000000,
4902623.040000,1488.000000,
4922623.040000,1488.000000,
4942623.040000,1488.000000,
4962623.040000,1488.000000,
4982623.040000,1488.000000,
5002623.040000,1488.000000,
5022623.040000,1488.000000,
5042623.040000,1488.000000,
5062623.040000,1488.000000,
5082623.040000,1488.000000,
5102623.040000,1488.000000,
5122623.040000,1488.000000,
5142623.040000,1488.000000,
5162623.040000,1488.000000,
5182623.040000,1488.000000,
5202623.040000,1488.000000,
5222623.040000,1488.000000,
5242623.040000,1488.000000,
5262623.040000,1488.000000,
5282623.040000,1488.000000,
5302623.040000,1488.000000,
5322623.040000,1488.000000,
5342623.040000,1488.000000,
5362623.040000,1488.000000,
5382623.040000,1488.000000,
5402623.040000,1488.000000,
5422623.040000,1488.000000,
5442623.040000,1488.000000,
5462623.040000,1488.000000,
5482623.040000,1488.000000,
5502623.040000,1488.000000,
5522623.040000,1488.000000,
5542623.040000,1488.000000,
5562623.040000,1488.000000,
5582623.040000,1488.000000,
5602623.040000,1488.000000,
5622623.040000,1488.000000,
5642623.040000,1488.000000,
5662623.040000,1488.000000,
5682623.040000,1488.000000,
5702623.040000,1488.000000,
5722623.040000,1488.000000,
5742623.040000,1488.000000,
5762623.040000,1488.000000,
5782623.040000,1488.000000,
5802623.040000,1488.000000,
5822623.040000,1488.000000,
5842623.040000,1488.000000,
5862623.040000,1488.000000,
5882623.040000,1488.000000,
5902623.040000,1488.000000,
5922623.040000,1488.000000,
5942623.040000,1488.000000,
5962623.040000,1488.000000,
5982623.040000,1488.000000,
6002623.040000,1488.000000,
6022623.040000,1488.000000,
6042623.040000,1488.000000,
6062623.040000,1488.000000,
6082623.040000,1488.000000,
6102623.040000,1488.000000,
6122623.040000,1488.000000,
6142623.040000,1488.000000,
6162623.040000,1488.000000,
6182623.040000,1488.000000,
6202623.040000,1488.000000,
6223623.040000,1488.000000,
6243623.040000,1488.000000,
6263623.040000,1488.000000,
6283623.040000,1488.000000,
6303623.040000,1488.000000,
6323623.040000,1488.000000,
6343623.040000,1488.000000,
6363623.040000,1488.000000,
6383623.040000,1488.000000,
6403623.040000,1488.000000,
6423623.040000,1488.000000,
6443623.040000,1488.000000,
6463623.040000,1488.000000,
6483623.040000,1488.000000,
6503623.040000,1488.000000,
6523623.040000,1488.000000,
6543623.040000,1488.000000,
6563623.040000,1488.000000,
6583623.040000,1488.000000,
6603623.040000,1488.000000,
6623623.040000,1488.000000,
6643623.040000,1488.000000,
6663623.040000,1488.000000,
6683623.040000,1488.000000,
6703623.040000,1488.000000,
6723623.040000,1488.000000,
6743623.040000,1488.000000,
6763623.040000,1488.000000,
6783623.040000,1488.000000,
6803623.040000,1488.000000,
6823623.040000,1488.000000,
6843623.040000,1488.000000,
6863623.040000,1488.000000,
6883623.040000,1488.000000,
6903623.040000,1488.000000,
6923623.040000,1488.000000,
6943623.040000,1488.000000,
6963623.040000,1488.000000,
6983623.040000,1488.000000,
7003623.040000,1488.000000,
7023623.040000,1488.000000,
7043623.040000,1488.000000,
7063623.040000,1488.000000,
7083623.040000,1488.000000,
7103623.040000,1488.000000,
7123623.040000,1488.000000,
7143623.040000,1488.000000,
7163623.040000,1488.000000,
7183623.040000,1488.000000,
7203623.040000,1488.000000,
7223623.040000,1488.000000,
7243623.040000,1488.000000,
7263623.040000,1488.000000,
7283623.040000,1488.000000,
7303623.040000,1488.000000,
7323623.040000,1488.000000,
7343623.040000,1488.000000,
7363623.040000,1488.000000,
7383623.040000,1488.000000,
7403623.040000,1488.000000,
7423623.040000,1488.000000,
7443623.040000,1488.000000,
7463623.040000,1488.000000,
7483623.040000,1488.000000,
7503623.040000,1488.000000,
7523623.040000,1488.000000,
7543623.040000,1488.000000,
7563623.040000,1488.000000,
7583623.040000,1488.000000,
7603623.040000,1488.000000,
7623623.040000,1488.000000,
7643623.040000,1488.000000,
7663623.040000,1488.000000,
7683623.040000,1488.000000,
7703623.040000,1488.000000,
7723623.040000,1488.000000,
7743623.040000,1488.000000,
7763623.040000,1488.000000,
7783623.040000,1488.000000,
7803623.040000,1488.000000,
7823623.040000,1488.000000,
7843623.040000,1488.000000,
7863623.040000,1488.000000,
7883623.040000,1488.000000,
7903623.040000,1488.000000,
7923623.040000,1488.000000,
7943623.040000,1488.000000,
7963623.040000,1488.000000,
7983623.040000,1488.000000,
8003623.040000,1488.000000,
8023623.040000,1488.000000,
8043623.040000,1488.000000,
8063623.040000,1488.000000,
8083623.040000,1488.000000,
8103623.040000,1488.000000,
8123623.040000,1488.000000,
8143623.040000,1488.000000,
8163623.040000,1488.000000,
8183623.040000,1488.000000,
8203623.040000,1488.000000,
8223623.040000,1488.000000,
8243623.040000,1488.000000,
8263623.040000,1488.000000,
8283623.040000,1488.000000,
8303623.040000,1488.000000,
8323623.040000,1488.000000,
8343623.040000,1488.000000,
8363623.040000,1488.000000,
8383623.040000,1488.000000,
8403623.040000,1488.000000,
8423623.040000,1488.000000,
8443623.040000,1488.000000,
8463623.040000,1488.000000,
8483623.040000,1488.000000,
8503623.040000,1488.000000,
8523623.040000,1488.000000,
8543623.040000,1488.000000,
8563623.040000,1488.000000,
8583623.040000,1488.000000,
8603623.040000,1488.000000,
8623623.040000,1488.000000,
8643623.040000,1488.000000,
8663623.040000,1488.000000,
8683623.040000,1488.000000,
8703623.040000,1488.000000,
8723623.040000,1488.000000,
8743623.040000,1488.000000,
8763623.040000,1488.000000,
8783623.040000,1488.000000,
8803623.040000,1488.000000,
8823623.040000,1488.000000,
8843623.040000,1488.000000,
8863623.040000,1488.000000,
8883623.040000,1488.000000,
8903623.040000,1488.000000,
8923623.040000,1488.000000,
8943623.040000,1488.000000,
8963623.040000,1488.000000,
8983623.040000,1488.000000,
9003623.040000,1488.000000,
9023623.040000,1488.000000,
9043623.040000,1488.000000,
9063623.040000,1488.000000,
9083623.040000,1488.000000,
9103623.040000,1488.000000,
9123623.040000,1488.000000,
9143623.040000,1488.000000,
9163623.040000,1488.000000,
9183623.040000,1488.000000,
9203623.040000,1488.000000,
9223623.040000,1488.000000,
9243623.040000,1488.000000,
9263623.040000,1488.000000,
9283623.040000,1488.000000,
9303623.040000,1488.000000,
9323623.040000,1488.000000,
9343623.040000,1488.000000,
9363623.040000,1488.000000,
9383623.040000,1488.000000,
9403623.040000,1488.000000,
9423623.040000,1488.000000,
9443623.040000,1488.000000,
9463623.040000,1488.000000,
9483623.040000,1488.000000,
9503623.040000,1488.000000,
9523623.040000,1488.000000,
9543623.040000,1488.000000,
9563623.040000,1488.000000,
9583623.040000,1488.000000,
9603623.040000,1488.000000,
9623623.040000,1488.000000,
9643623.040000,1488.000000,
9663623.040000,1488.000000,
9683623.040000,1488.000000,
9703623.040000,1488.000000,
9723623.040000,1488.000000,
9743623.040000,1488.000000,
9763623.040000,1488.000000,
9783623.040000,1488.000000,
9803623.040000,1488.000000,
9823623.040000,1488.000000,
9843623.040000,1488.000000,
9863623.040000,1488.000000,
9883623.040000,1488.000000,
9903623.040000,1488.000000,
9923623.040000,1488.000000,
9943623.040000,1488.000000,
9963623.040000,1488.000000,
9983623.040000,1488.000000,
10003623.040000,1488.000000,
10023623.040000,1488.000000,
10043623.040000,1488.000000,
10063623.040000,1488.000000,
10083623.040000,1488.000000,
10103623.040000,1488.000000,
10123623.040000,1488.000000,
10143623.040000,1488.000000,
10163623.040000,1488.000000,
10183623.040000,1488.000000,
10203623.040000,1488.000000,
10223623.040000,1488.000000,
10243623.040000,1488.000000,
10263623.040000,1488.000000,
10283623.040000,1488.000000,
10303623.040000,1488.000000,
10323623.040000,1488.000000,
10343623.040000,1488.000000,
10363623.040000,1488.000000,
10383623.040000,1488.000000,
10403623.040000,1488.000000,
10423623.040000,1488.000000,
10443623.040000,1488.000000,
10463623.040000,1488.000000,
10483623.040000,1488.000000,
10503623.040000,1488.000000,
10523623.040000,1488.000000,
10543623.040000,1488.000000,
10563623.040000,1488.000000,
10583623.040000,1488.000000,
10603623.040000,1488.000000,
10623623.040000,1488.000000,
10643623.040000,1488.000000,
10663623.040000,1488.000000,
10683623.040000,1488.000000,
10703623.040000,1488.000000,
10723623.040000,1488.000000,
10743623.040000,1488.000000,
10763623.040000,1488.000000,
10783623.040000,1488.000000,
10803623.040000,1488.000000,
10823623.040000,1488.000000,
10843623.040000,1488.000000,
10863623.040000,1488.000000,
10883623.040000,1488.000000,
10903623.040000,1488.000000,
10923623.040000,1488.000000,
10943623.040000,1488.000000,
10963623.040000,1488.000000,
10983623.040000,1488.000000,
11003623.040000,1488.000000,
11023623.040000,1488.000000,
11043623.040000,1488.000000,
11063623.040000,1488.000000,
11083623.040000,1488.000000,
11103623.040000,1488.000000,
11123623.040000,1488.000000,
11143623.040000,1488.000000,
11163623.040000,1488.000000,
11184623.040000,1488.000000,
11204623.040000,1488.000000,
11224623.040000,1488.000000,
11244623.040000,1488.000000,
11264623.040000,1488.000000,
11284623.040000,1488.000000,
11304623.040000,1488.000000,
11324623.040000,1488.000000,
11344623.040000,1488.000000,
11364623.040000,1488.000000,
11384623.040000,1488.000000,
11404623.040000,1488.000000,
11424623.040000,1488.000000,
11444623.040000,1488.000000,
11464623.040000,1488.000000,
11484623.040000,1488.000000,
11504623.040000,1488.000000,
11524623.040000,1488.000000,
11544623.040000,1488.000000,
11564623.040000,1488.000000,
11584623.040000,1488.000000,
11604623.040000,1488.000000,
11624623.040000,1488.000000,
11644623.040000,1488.000000,
11664623.040000,1488.000000,
11684623.040000,1488.000000,
11704623.040000,1488.000000,
11724623.040000,1488.000000,
11744623.040000,1488.000000,
11764623.040000,1488.000000,
11784623.040000,1488.000000,
11804623.040000,1488.000000,
11824623.040000,1488.000000,
11844623.040000,1488.000000,
11864623.040000,1488.000000,
11884623.040000,1488.000000,
11904623.040000,1488.000000,
11924623.040000,1488.000000,
11944623.040000,1488.000000,
11964623.040000,1488.000000,
11984623.040000,1488.000000,
12004623.040000,1488.000000,
12024623.040000,1488.000000,
12044623.040000,1488.000000,
12064623.040000,1488.000000,
12084623.040000,1488.000000,
12104623.040000,1488.000000,
12124623.040000,1488.000000,
12144623.040000,1488.000000,
12164623.040000,1488.000000,
12184623.040000,1488.000000,
12204623.040000,1488.000000,
12224623.040000,1488.000000,
12244623.040000,1488.000000,
12264623.040000,1488.000000,
12284623.040000,1488.000000,
12304623.040000,1488.000000,
12324623.040000,1488.000000,
12344623.040000,1488.000000,
12364623.040000,1488.000000,
12384623.040000,1488.000000,
12404623.040000,1488.000000,
12424623.040000,1488.000000,
12444623.040000,1488.000000,
12464623.040000,1488.000000,
12484623.040000,1488.000000,
12504623.040000,1488.000000,
12524623.040000,1488.000000,
12544623.040000,1488.000000,
12564623.040000,1488.000000,
12584623.040000,1488.000000,
12604623.040000,1488.000000,
12624623.040000,1488.000000,
12644623.040000,1488.000000,
12664623.040000,1488.000000,
12684623.040000,1488.000000,
12704623.040000,1488.000000,
12724623.040000,1488.000000,
12744623.040000,1488.000000,
12764623.040000,1488.000000,
12784623.040000,1488.000000,
12804623.040000,1488.000000,
12824623.040000,1488.000000,
12844623.040000,1488.000000,
12864623.040000,1488.000000,
12884623.040000,1488.000000,
12904623.040000,1488.000000,
12924623.040000,1488.000000,
12944623.040000,1488.000000,
12964623.040000,1488.000000,
12984623.040000,1488.000000,
13004623.040000,1488.000000,
13024623.040000,1488.000000,
13044623.040000,1488.000000,
13064623.040000,1488.000000,
13084623.040000,1488.000000,
13104623.040000,1488.000000,
13124623.040000,1488.000000,
13144623.040000,1488.000000,
13164623.040000,1488.000000,
13184623.040000,1488.000000,
13204623.040000,1488.000000,
13224623.040000,1488.000000,
13244623.040000,1488.000000,
13264623.040000,1488.000000,
13284623.040000,1488.000000,
13304623.040000,1488.000000,
13324623.040000,1488.000000,
13344623.040000,1488.000000,
13364623.040000,1488.000000,
13384623.040000,1488.000000,
13404623.040000,1488.000000,
13424623.040000,1488.000000,
13444623.040000,1488.000000,
13464623.040000,1488.000000,
13484623.040000,1488.000000,
13504623.040000,1488.000000,
13524623.040000,1488.000000,
13544623.040000,1488.000000,
13564623.040000,1488.000000,
13584623.040000,1488.000000,
13604623.040000,1488.000000,
13624623.040000,1488.000000,
13644623.040000,1488.000000,
13664623.040000,1488.000000,
13684623.040000,1488.000000,
13704623.040000,1488.000000,
13724623.040000,1488.000000,
13744623.040000,1488.000000,
13764623.040000,1488.000000,
13784623.040000,1488.000000,
13804623.040000,1488.000000,
13824623.040000,1488.000000,
13844623.040000,1488.000000,
13864623.040000,1488.000000,
13884623.040000,1488.000000,
13904623.040000,1488.000000,
13924623.040000,1488.000000,
13944623.040000,1488.000000,
13964623.040000,1488.000000,
13984623.040000,1488.000000,
14004623.040000,1488.000000,
14024623.040000,1488.000000,
14044623.040000,1488.000000,
14064623.040000,1488.000000,
14084623.040000,1488.000000,
14104623.040000,1488.000000,
14124623.040000,1488.000000,
14144623.040000,1488.000000,
14164623.040000,1488.000000,
14184623.040000,1488.000000,
14204623.040000,1488.000000,
14224623.040000,1488.000000,
14244623.040000,1488.000000,
14264623.040000,1488.000000,
14284623.040000,1488.000000,
14304623.040000,1488.000000,
14324623.040000,1488.000000,
14344623.040000,1488.000000,
14364623.040000,1488.000000,
14384623.040000,1488.000000,
14404623.040000,1488.000000,
14424623.040000,1488.000000,
14444623.040000,1488.000000,
14464623.040000,1488.000000,
14484623.040000,1488.000000,
14504623.040000,1488.000000,
14524623.040000,1488.000000,
14544623.040000,1488.000000,
14564623.040000,1488.000000,
14584623.040000,1488.000000,
14604623.040000,1488.000000,
14624623.040000,1488.000000,
14644623.040000,1488.000000,
14664623.040000,1488.000000,
14684623.040000,1488.000000,
14704623.040000,1488.000000,
14724623.040000,1488.000000,
14744623.040000,1488.000000,
14764623.040000,1488.000000,
14784623.040000,1488.000000,
14804623.040000,1488.000000,
14824623.040000,1488.000000,
14844623.040000,1488.000000,
14864623.040000,1488.000000,
14884623.040000,1488.000000,
14904623.040000,1488.000000,
14924623.040000,1488.000000,
14944623.040000,1488.000000,
14964623.040000,1488.000000,
14984623.040000,1488.000000,
15004623.040000,1488.000000,
15024623.040000,1488.000000,
15044623.040000,1488.000000,
15064623.040000,1488.000000,
15084623.040000,1488.000000,
15104623.040000,1488.000000,
15124623.040000,1488.000000,
15144623.040000,1488.000000,
15164623.040000,1488.000000,
15184623.040000,1488.000000,
15204623.040000,1488.000000,
15224623.040000,1488.000000,
15244623.040000,1488.000000,
15264623.040000,1488.000000,
15284623.040000,1488.000000,
15304623.040000,1488.000000,
15324623.040000,1488.000000,
15344623.040000,1488.000000,
15364623.040000,1488.000000,
15384623.040000,1488.000000,
15404623.040000,1488.000000,
15424623.040000,1488.000000,
15444623.040000,1488.000000,
15464623.040000,1488.000000,
15484623.040000,1488.000000,
15504623.040000,1488.000000,
15524623.040000,1488.000000,
15544623.040000,1488.000000,
15564623.040000,1488.000000,
15584623.040000,1488.000000,
15604623.040000,1488.000000,
15624623.040000,1488.000000,
15644623.040000,1488.000000,
15664623.040000,1488.000000,
15684623.040000,1488.000000,
15704623.040000,1488.000000,
15724623.040000,1488.000000,
15744623.040000,1488.000000,
15764623.040000,1488.000000,
15784623.040000,1488.000000,
15804623.040000,1488.000000,
15824623.040000,1488.000000,
15844623.040000,1488.000000,
15864623.040000,1488.000000,
15884623.040000,1488.000000,
15904623.040000,1488.000000,
15924623.040000,1488.000000,
15944623.040000,1488.000000,
15964623.040000,1488.000000,
15984623.040000,1488.000000,
16004623.040000,1488.000000,
16024623.040000,1488.000000,
16044623.040000,1488.000000,
16064623.040000,1488.000000,
16084623.040000,1488.000000,
16104623.040000,1488.000000,
16124623.040000,1488.000000,
16144623.040000,1488.000000,
16164623.040000,1488.000000,
16184623.040000,1488.000000,
16204623.040000,1488.000000,
16224623.040000,1488.000000,
16244623.040000,1488.000000,
16264623.040000,1488.000000,
16284623.040000,1488.000000,
16304623.040000,1488.000000,
16324623.040000,1488.000000,
16344623.040000,1488.000000,
16364623.040000,1488.000000,
16384623.040000,1488.000000,
16404623.040000,1488.000000,
16424623.040000,1488.000000,
16444623.040000,1488.000000,
16464623.040000,1488.000000,
16484623.040000,1488.000000,
16504623.040000,1488.000000,
16524623.040000,1488.000000,
16544623.040000,1488.000000,
16564623.040000,1488.000000,
16584623.040000,1488.000000,
16604623.040000,1488.000000,
16624623.040000,1488.000000,
16644623.040000,1488.000000,
16664623.040000,1488.000000,
16684623.040000,1488.000000,
16704623.040000,1488.000000,
16724623.040000,1488.000000,
16744623.040000,1488.000000,
16764623.040000,1488.000000,
16784623.040000,1488.000000,
16804623.040000,1488.000000,
16824623.040000,1488.000000,
16844623.040000,1488.000000,
16864623.040000,1488.000000,
16884623.040000,1488.000000,
16904623.040000,1488.000000,
16924623.040000,1488.000000,
16944623.040000,1488.000000,
16964623.040000,1488.000000,
16984623.040000,1488.000000,
17004623.040000,1488.000000,
17024623.040000,1488.000000,
17044623.040000,1488.000000,
17064623.040000,1488.000000,
17084623.040000,1488.000000,
17104623.040000,1488.000000,
17124623.040000,1488.000000,
17144623.040000,1488.000000,
17164623.040000,1488.000000,
17184623.040000,1488.000000,
17204623.040000,1488.000000,
17224623.040000,1488.000000,
17244623.040000,1488.000000,
17264623.040000,1488.000000,
17284623.040000,1488.000000,
17304623.040000,1488.000000,
17324623.040000,1488.000000,
17344623.040000,1488.000000,
17364623.040000,1488.000000,
17384623.040000,1488.000000,
17404623.040000,1488.000000,
17424623.040000,1488.000000,
17444623.040000,1488.000000,
17464623.040000,1488.000000,
17484623.040000,1488.000000,
17504623.040000,1488.000000,
17524623.040000,1488.000000,
17544623.040000,1488.000000,
17564623.040000,1488.000000,
17584623.040000,1488.000000,
17604623.040000,1488.000000,
17624623.040000,1488.000000,
17644623.040000,1488.000000,
17664623.040000,1488.000000,
17684623.040000,1488.000000,
17704623.040000,1488.000000,
17724623.040000,1488.000000,
17744623.040000,1488.000000,
17764623.040000,1488.000000,
17784623.040000,1488.000000,
17804623.040000,1488.000000,
17824623.040000,1488.000000,
17844623.040000,1488.000000,
17864623.040000,1488.000000,
17884623.040000,1488.000000,
17904623.040000,1488.000000,
17924623.040000,1488.000000,
17944623.040000,1488.000000,
17964623.040000,1488.000000,
17984623.040000,1488.000000,
18004623.040000,1488.000000,
18024623.040000,1488.000000,
18044623.040000,1488.000000,
18064623.040000,1488.000000,
18084623.040000,1488.000000,
18104623.040000,1488.000000,
18124623.040000,1488.000000,
18144623.040000,1488.000000,
18164623.040000,1488.000000,
18184623.040000,1488.000000,
18204623.040000,1488.000000,
18224623.040000,1488.000000,
18244623.040000,1488.000000,
18264623.040000,1488.000000,
18284623.040000,1488.000000,
18304623.040000,1488.000000,
18324623.040000,1488.000000,
18344623.040000,1488.000000,
18364623.040000,1488.000000,
18384623.040000,1488.000000,
18404623.040000,1488.000000,
18424623.040000,1488.000000,
18444623.040000,1488.000000,
18464623.040000,1488.000000,
18484623.040000,1488.000000,
18504623.040000,1488.000000,
18524623.040000,1488.000000,
18544623.040000,1488.000000,
18564623.040000,1488.000000,
18584623.040000,1488.000000,
18604623.040000,1488.000000,
18624623.040000,1488.000000,
18644623.040000,1488.000000,
18664623.040000,1488.000000,
18684623.040000,1488.000000,
18704623.040000,1488.000000,
18724623.040000,1488.000000,
18744623.040000,1488.000000,
18764623.040000,1488.000000,
18784623.040000,1488.000000,
18804623.040000,1488.000000,
18824623.040000,1488.000000,
18844623.040000,1488.000000,
18864623.040000,1488.000000,
18884623.040000,1488.000000,
18904623.040000,1488.000000,
18924623.040000,1488.000000,
18944623.040000,1488.000000,
18964623.040000,1488.000000,
18984623.040000,1488.000000,
19004623.040000,1488.000000,
19024623.040000,1488.000000,
19044623.040000,1488.000000,
19064623.040000,1488.000000,
19084623.040000,1488.000000,
19104623.040000,1488.000000,
19124623.040000,1488.000000,
19144623.040000,1488.000000,
19164623.040000,1488.000000,
19184623.040000,1488.000000,
19204623.040000,1488.000000,
19224623.040000,1488.000000,
19244623.040000,1488.000000,
19264623.040000,1488.000000,
19284623.040000,1488.000000,
19304623.040000,1488.000000,
19324623.040000,1488.000000,
19344623.040000,1488.000000,
19364623.040000,1488.000000,
19384623.040000,1488.000000,
19404623.040000,1488.000000,
19424623.040000,1488.000000,
19444623.040000,1488.000000,
19464623.040000,1488.000000,
19484623.040000,1488.000000,
19504623.040000,1488.000000,
19524623.040000,1488.000000,
19544623.040000,1488.000000,
19564623.040000,1488.000000,
19584623.040000,1488.000000,
19604623.040000,1488.000000,
19624623.040000,1488.000000,
19644623.040000,1488.000000,
19664623.040000,1488.000000,
19684623.040000,1488.000000,
19704623.040000,1488.000000,
19724623.040000,1488.000000,
19744623.040000,1488.000000,
19764623.040000,1488.000000,
19784623.040000,1488.000000,
19804623.040000,1488.000000,
19824623.040000,1488.000000,
19844623.040000,1488.000000,
19864623.040000,1488.000000,
19884623.040000,1488.000000,
19904623.040000,1488.000000,
19924623.040000,1488.000000,
19944623.040000,1488.000000,
19964623.040000,1488.000000,
19984623.040000,1488.000000,
20004623.040000,1488.000000,
20024623.040000,1488.000000,
20044623.040000,1488.000000,
20064623.040000,1488.000000,
20084623.040000,1488.000000,
20104623.040000,1488.000000,
20124623.040000,1488.000000,
20144623.040000,1488.000000,
20164623.040000,1488.000000,
20184623.040000,1488.000000,
20204623.040000,1488.000000,
20224623.040000,1488.000000,
20244623.040000,1488.000000,
20264623.040000,1488.000000,
20284623.040000,1488.000000,
20304623.040000,1488.000000,
20324623.040000,1488.000000,
20344623.040000,1488.000000,
20364623.040000,1488.000000,
20384623.040000,1488.000000,
20404623.040000,1488.000000,
20424623.040000,1488.000000,
20444623.040000,1488.000000,
20464623.040000,1488.000000,
20484623.040000,1488.000000,
20504623.040000,1488.000000,
20524623.040000,1488.000000,
20544623.040000,1488.000000,
20564623.040000,1488.000000,
20584623.040000,1488.000000,
20604623.040000,1488.000000,
20624623.040000,1488.000000,
20644623.040000,1488.000000,
20664623.040000,1488.000000,
20684623.040000,1488.000000,
20704623.040000,1488.000000,
20724623.040000,1488.000000,
20744623.040000,1488.000000,
20764623.040000,1488.000000,
20784623.040000,1488.000000,
20804623.040000,1488.000000,
20824623.040000,1488.000000,
20844623.040000,1488.000000,
20864623.040000,1488.000000,
20884623.040000,1488.000000,
20904623.040000,1488.000000,
20924623.040000,1488.000000,
20944623.040000,1488.000000,
20964623.040000,1488.000000,
20984623.040000,1488.000000,
21004623.040000,1488.000000,
21024623.040000,1488.000000,
21044623.040000,1488.000000,
21064623.040000,1488.000000,
21084623.040000,1488.000000,
21104623.040000,1488.000000,
21124623.040000,1488.000000,
21144623.040000,1488.000000,
21164623.040000,1488.000000,
21184623.040000,1488.000000,
21204623.040000,1488.000000,
21224623.040000,1488.000000,
21244623.040000,1488.000000,
21264623.040000,1488.000000,
21284623.040000,1488.000000,
21304623.040000,1488.000000,
21324623.040000,1488.000000,
21344623.040000,1488.000000,
21364623.040000,1488.000000,
21384623.040000,1488.000000,
21404623.040000,1488.000000,
21424623.040000,1488.000000,
21444623.040000,1488.000000,
21464623.040000,1488.000000,
21484623.040000,1488.000000,
21504623.040000,1488.000000,
21524623.040000,1488.000000,
21544623.040000,1488.000000,
21564623.040000,1488.000000,
21584623.040000,1488.000000,
21604623.040000,1488.000000,
21624623.040000,1488.000000,
21644623.040000,1488.000000,
21664623.040000,1488.000000,
21684623.040000,1488.000000,
21704623.040000,1488.000000,
21724623.040000,1488.000000,
21744623.040000,1488.000000,
21764623.040000,1488.000000,
21784623.040000,1488.000000,
21804623.040000,1488.000000,
21824623.040000,1488.000000,
21844623.040000,1488.000000,
21864623.040000,1488.000000,
21884623.040000,1488.000000,
21904623.040000,1488.000000,
21924623.040000,1488.000000,
21944623.040000,1488.000000,
21964623.040000,1488.000000,
21984623.040000,1488.000000,
22004623.040000,1488.000000,
22024623.040000,1488.000000,
22044623.040000,1488.000000,
22064623.040000,1488.000000,
22084623.040000,1488.000000,
22104623.040000,1488.000000,
22124623.040000,1488.000000,
22144623.040000,1488.000000,
22164623.040000,1488.000000,
22184623.040000,1488.000000,
22204623.040000,1488.000000,
22224623.040000,1488.000000,
22244623.040000,1488.000000,
22264623.040000,1488.000000,
22284623.040000,1488.000000,
22304623.040000,1488.000000,
22324623.040000,1488.000000,
22344623.040000,1488.000000,
22364623.040000,1488.000000,
22384623.040000,1488.000000,
22404623.040000,1488.000000,
22424623.040000,1488.000000,
22444623.040000,1488.000000,
22464623.040000,1488.000000,
22484623.040000,1488.000000,
22504623.040000,1488.000000,
22524623.040000,1488.000000,
22544623.040000,1488.000000,
22564623.040000,1488.000000,
22584623.040000,1488.000000,
22604623.040000,1488.000000,
22624623.040000,1488.000000,
22644623.040000,1488.000000,
22664623.040000,1488.000000,
22684623.040000,1488.000000,
22704623.040000,1488.000000,
22724623.040000,1488.000000,
22744623.040000,1488.000000,
22764623.040000,1488.000000,
22784623.040000,1488.000000,
22804623.040000,1488.000000,
22824623.040000,1488.000000,
22844623.040000,1488.000000,
22864623.040000,1488.000000,
22884623.040000,1488.000000,
22904623.040000,1488.000000,
22924623.040000,1488.000000,
22944623.040000,1488.000000,
22964623.040000,1488.000000,
22984623.040000,1488.000000,
23004623.040000,1488.000000,
23024623.040000,1488.000000,
23044623.040000,1488.000000,
23064623.040000,1488.000000,
23084623.040000,1488.000000,
23104623.040000,1488.000000,
23124623.040000,1488.000000,
23144623.040000,1488.000000,
23164623.040000,1488.000000,
23184623.040000,1488.000000,
23204623.040000,1488.000000,
23224623.040000,1488.000000,
23244623.040000,1488.000000,
23264623.040000,1488.000000,
23284623.040000,1488.000000,
23305623.040000,1488.000000,
23325623.040000,1488.000000,
23345623.040000,1488.000000,
23365623.040000,1488.000000,
23385623.040000,1488.000000,
23405623.040000,1488.000000,
23425623.040000,1488.000000,
23445623.040000,1488.000000,
23465623.040000,1488.000000,
23485623.040000,1488.000000,
23505623.040000,1488.000000,
23525623.040000,1488.000000,
23545623.040000,1488.000000,
23565623.040000,1488.000000,
23585623.040000,1488.000000,
23605623.040000,1488.000000,
23625623.040000,1488.000000,
23645623.040000,1488.000000,
23665623.040000,1488.000000,
23685623.040000,1488.000000,
23705623.040000,1488.000000,
23725623.040000,1488.000000,
23745623.040000,1488.000000,
23765623.040000,1488.000000,
23785623.040000,1488.000000,
23805623.040000,1488.000000,
23825623.040000,1488.000000,
23845623.040000,1488.000000,
23865623.040000,1488.000000,
23885623.040000,1488.000000,
23905623.040000,1488.000000,
23925623.040000,1488.000000,
23945623.040000,1488.000000,
23965623.040000,1488.000000,
23985623.040000,1488.000000,
24005623.040000,1488.000000,
24025623.040000,1488.000000,
24045623.040000,1488.000000,
24065623.040000,1488.000000,
24085623.040000,1488.000000,
24105623.040000,1488.000000,
24125623.040000,1488.000000,
24145623.040000,1488.000000,
24165623.040000,1488.000000,
24185623.040000,1488.000000,
24205623.040000,1488.000000,
24225623.040000,1488.000000,
24245623.040000,1488.000000,
24265623.040000,1488.000000,
24285623.040000,1488.000000,
24305623.040000,1488.000000,
24325623.040000,1488.000000,
24345623.040000,1488.000000,
24365623.040000,1488.000000,
24385623.040000,1488.000000,
24405623.040000,1488.000000,
24425623.040000,1488.000000,
24445623.040000,1488.000000,
24465623.040000,1488.000000,
24485623.040000,1488.000000,
24505623.040000,1488.000000,
24525623.040000,1488.000000,
24545623.040000,1488.000000,
24565623.040000,1488.000000,
24585623.040000,1488.000000,
24605623.040000,1488.000000,
24625623.040000,1488.000000,
24645623.040000,1488.000000,
24665623.040000,1488.000000,
24685623.040000,1488.000000,
24705623.040000,1488.000000,
24725623.040000,1488.000000,
24745623.040000,1488.000000,
24765623.040000,1488.000000,
24785623.040000,1488.000000,
24805623.040000,1488.000000,
24825623.040000,1488.000000,
24845623.040000,1488.000000,
24865623.040000,1488.000000,
24885623.040000,1488.000000,
24905623.040000,1488.000000,
24925623.040000,1488.000000,
24945623.040000,1488.000000,
24965623.040000,1488.000000,
24985623.040000,1488.000000,
25005623.040000,1488.000000,
25025623.040000,1488.000000,
25045623.040000,1488.000000,
25065623.040000,1488.000000,
25085623.040000,1488.000000,
25105623.040000,1488.000000,
25125623.040000,1488.000000,
25145623.040000,1488.000000,
25165623.040000,1488.000000,
25185623.040000,1488.000000,
25205623.040000,1488.000000,
25225623.040000,1488.000000,
25245623.040000,1488.000000,
25265623.040000,1488.000000,
25285623.040000,1488.000000,
25305623.040000,1488.000000,
25325623.040000,1488.000000,
25345623.040000,1488.000000,
25365623.040000,1488.000000,
25385623.040000,1488.000000,
25405623.040000,1488.000000,
25425623.040000,1488.000000,
25445623.040000,1488.000000,
25465623.040000,1488.000000,
25485623.040000,1488.000000,
25505623.040000,1488.000000,
25525623.040000,1488.000000,
25545623.040000,1488.000000,
25565623.040000,1488.000000,
25585623.040000,1488.000000,
25605623.040000,1488.000000,
25625623.040000,1488.000000,
25645623.040000,1488.000000,
25665623.040000,1488.000000,
25685623.040000,1488.000000,
25705623.040000,1488.000000,
25725623.040000,1488.000000,
25745623.040000,1488.000000,
25765623.040000,1488.000000,
25785623.040000,1488.000000,
25805623.040000,1488.000000,
25825623.040000,1488.000000,
25845623.040000,1488.000000,
25865623.040000,1488.000000,
25885623.040000,1488.000000,
25905623.040000,1488.000000,
25925623.040000,1488.000000,
25945623.040000,1488.000000,
25965623.040000,1488.000000,
25985623.040000,1488.000000,
26005623.040000,1488.000000,
26025623.040000,1488.000000,
26045623.040000,1488.000000,
26065623.040000,1488.000000,
26085623.040000,1488.000000,
26105623.040000,1488.000000,
26125623.040000,1488.000000,
26145623.040000,1488.000000,
26165623.040000,1488.000000,
26185623.040000,1488.000000,
26205623.040000,1488.000000,
26225623.040000,1488.000000,
26245623.040000,1488.000000,
26265623.040000,1488.000000,
26285623.040000,1488.000000,
26305623.040000,1488.000000,
26325623.040000,1488.000000,
26345623.040000,1488.000000,
26365623.040000,1488.000000,
26385623.040000,1488.000000,
26405623.040000,1488.000000,
26425623.040000,1488.000000,
26445623.040000,1488.000000,
26465623.040000,1488.000000,
26485623.040000,1488.000000,
26505623.040000,1488.000000,
26525623.040000,1488.000000,
26545623.040000,1488.000000,
26565623.040000,1488.000000,
26585623.040000,1488.000000,
26605623.040000,1488.000000,
26625623.040000,1488.000000,
26645623.040000,1488.000000,
26665623.040000,1488.000000,
26685623.040000,1488.000000,
26705623.040000,1488.000000,
26725623.040000,1488.000000,
26745623.040000,1488.000000,
26765623.040000,1488.000000,
26785623.040000,1488.000000,
26805623.040000,1488.000000,
26825623.040000,1488.000000,
26845623.040000,1488.000000,
26865623.040000,1488.000000,
26885623.040000,1488.000000,
26906623.040000,1488.000000,
26926623.040000,1488.000000,
26946623.040000,1488.000000,
26966623.040000,1488.000000,
26986623.040000,1488.000000,
27006623.040000,1488.000000,
27026623.040000,1488.000000,
27046623.040000,1488.000000,
27066623.040000,1488.000000,
27086623.040000,1488.000000,
27106623.040000,1488.000000,
27126623.040000,1488.000000,
27146623.040000,1488.000000,
27166623.040000,1488.000000,
27186623.040000,1488.000000,
27206623.040000,1488.000000,
27226623.040000,1488.000000,
27246623.040000,1488.000000,
27266623.040000,1488.000000,
27286623.040000,1488.000000,
27306623.040000,1488.000000,
27326623.040000,1488.000000,
27346623.040000,1488.000000,
27366623.040000,1488.000000,
27386623.040000,1488.000000,
27406623.040000,1488.000000,
27426623.040000,1488.000000,
27446623.040000,1488.000000,
27466623.040000,1488.000000,
27486623.040000,1488.000000,
27506623.040000,1488.000000,
27526623.040000,1488.000000,
27546623.040000,1488.000000,
27566623.040000,1488.000000,
27586623.040000,1488.000000,
27606623.040000,1488.000000,
27626623.040000,1488.000000,
27646623.040000,1488.000000,
27666623.040000,1488.000000,
27686623.040000,1488.000000,
27706623.040000,1488.000000,
27726623.040000,1488.000000,
27746623.040000,1488.000000,
27766623.040000,1488.000000,
27786623.040000,1488.000000,
27806623.040000,1488.000000,
27826623.040000,1488.000000,
27846623.040000,1488.000000,
27866623.040000,1488.000000,
27886623.040000,1488.000000,
27906623.040000,1488.000000,
27926623.040000,1488.000000,
27946623.040000,1488.000000,
27966623.040000,1488.000000,
27986623.040000,1488.000000,
28006623.040000,1488.000000,
28026623.040000,1488.000000,
28046623.040000,1488.000000,
28066623.040000,1488.000000,
28086623.040000,1488.000000,
28106623.040000,1488.000000,
28126623.040000,1488.000000,
28146623.040000,1488.000000,
28166623.040000,1488.000000,
28186623.040000,1488.000000,
28206623.040000,1488.000000,
28226623.040000,1488.000000,
28246623.040000,1488.000000,
28266623.040000,1488.000000,
28286623.040000,1488.000000,
28306623.040000,1488.000000,
28326623.040000,1488.000000,
28346623.040000,1488.000000,
28366623.040000,1488.000000,
28386623.040000,1488.000000,
28406623.040000,1488.000000,
28426623.040000,1488.000000,
28446623.040000,1488.000000,
28466623.040000,1488.000000,
28486623.040000,1488.000000,
28506623.040000,1488.000000,
28526623.040000,1488.000000,
28546623.040000,1488.000000,
28566623.040000,1488.000000,
28586623.040000,1488.000000,
28606623.040000,1488.000000,
28626623.040000,1488.000000,
28646623.040000,1488.000000,
28666623.040000,1488.000000,
28686623.040000,1488.000000,
28706623.040000,1488.000000,
28726623.040000,1488.000000,
28746623.040000,1488.000000,
28766623.040000,1488.000000,
28786623.040000,1488.000000,
28806623.040000,1488.000000,
28826623.040000,1488.000000,
28846623.040000,1488.000000,
28866623.040000,1488.000000,
28886623.040000,1488.000000,
28906623.040000,1488.000000,
28926623.040000,1488.000000,
28946623.040000,1488.000000,
28966623.040000,1488.000000,
28986623.040000,1488.000000,
29006623.040000,1488.000000,
29026623.040000,1488.000000,
29046623.040000,1488.000000,
29066623.040000,1488.000000,
29086623.040000,1488.000000,
29106623.040000,1488.000000,
29126623.040000,1488.000000,
29146623.040000,1488.000000,
29166623.040000,1488.000000,
29186623.040000,1488.000000,
29206623.040000,1488.000000,
29226623.040000,1488.000000,
29246623.040000,1488.000000,
29266623.040000,1488.000000,
29286623.040000,1488.000000,
29306623.040000,1488.000000,
29326623.040000,1488.000000,
29346623.040000,1488.000000,
29366623.040000,1488.000000,
29386623.040000,1488.000000,
29406623.040000,1488.000000,
29426623.040000,1488.000000,
29446623.040000,1488.000000,
29466623.040000,1488.000000,
29486623.040000,1488.000000,
29506623.040000,1488.000000,
29526623.040000,1488.000000,
29547623.040000,1488.000000,
29567623.040000,1488.000000,
29587623.040000,1488.000000,
29607623.040000,1488.000000,
29627623.040000,1488.000000,
29647623.040000,1488.000000,
29667623.040000,1488.000000,
29687623.040000,1488.000000,
29707623.040000,1488.000000,
29727623.040000,1488.000000,
29747623.040000,1488.000000,
29767623.040000,1488.000000,
29787623.040000,1488.000000,
29807623.040000,1488.000000,
29827623.040000,1488.000000,
29847623.040000,1488.000000,
29867623.040000,1488.000000,
29887623.040000,1488.000000,
29907623.040000,1488.000000,
29927623.040000,1488.000000,
29947623.040000,1488.000000,
29967623.040000,1488.000000,
29987623.040000,1488.000000,
30007623.040000,1488.000000,
30027623.040000,1488.000000,
30047623.040000,1488.000000,
30067623.040000,1488.000000,
30087623.040000,1488.000000,
30107623.040000,1488.000000,
30127623.040000,1488.000000,
30147623.040000,1488.000000,
30167623.040000,1488.000000,
30187623.040000,1488.000000,
30207623.040000,1488.000000,
30227623.040000,1488.000000,
30247623.040000,1488.000000,
30267623.040000,1488.000000,
30287623.040000,1488.000000,
30307623.040000,1488.000000,
30327623.040000,1488.000000,
30347623.040000,1488.000000,
30367623.040000,1488.000000,
30387623.040000,1488.000000,
30407623.040000,1488.000000,
30427623.040000,1488.000000,
30447623.040000,1488.000000,
30467623.040000,1488.000000,
30487623.040000,1488.000000,
30507623.040000,1488.000000,
30527623.040000,1488.000000,
30547623.040000,1488.000000,
30567623.040000,1488.000000,
30587623.040000,1488.000000,
30607623.040000,1488.000000,
30627623.040000,1488.000000,
30647623.040000,1488.000000,
30667623.040000,1488.000000,
30687623.040000,1488.000000,
30707623.040000,1488.000000,
30727623.040000,1488.000000,
30747623.040000,1488.000000,
30767623.040000,1488.000000,
30787623.040000,1488.000000,
30807623.040000,1488.000000,
30827623.040000,1488.000000,
30847623.040000,1488.000000,
30867623.040000,1488.000000,
30887623.040000,1488.000000,
30907623.040000,1488.000000,
30927623.040000,1488.000000,
30947623.040000,1488.000000,
30967623.040000,1488.000000,
30987623.040000,1488.000000,
31007623.040000,1488.000000,
31027623.040000,1488.000000,
31047623.040000,1488.000000,
31067623.040000,1488.000000,
31087623.040000,1488.000000,
31107623.040000,1488.000000,
31127623.040000,1488.000000,
31147623.040000,1488.000000,
31167623.040000,1488.000000,
31187623.040000,1488.000000,
31207623.040000,1488.000000,
31227623.040000,1488.000000,
31247623.040000,1488.000000,
31267623.040000,1488.000000,
31287623.040000,1488.000000,
31307623.040000,1488.000000,
31327623.040000,1488.000000,
31347623.040000,1488.000000,
31367623.040000,1488.000000,
31387623.040000,1488.000000,
31407623.040000,1488.000000,
31427623.040000,1488.000000,
31447623.040000,1488.000000,
31467623.040000,1488.000000,
31487623.040000,1488.000000,
31507623.040000,1488.000000,
31527623.040000,1488.000000,
31547623.040000,1488.000000,
31567623.040000,1488.000000,
31587623.040000,1488.000000,
31607623.040000,1488.000000,
31627623.040000,1488.000000,
31647623.040000,1488.000000,
31667623.040000,1488.000000,
31687623.040000,1488.000000,
31707623.040000,1488.000000,
31727623.040000,1488.000000,
31747623.040000,1488.000000,
31767623.040000,1488.000000,
31787623.040000,1488.000000,
31807623.040000,1488.000000,
31827623.040000,1488.000000,
31847623.040000,1488.000000,
31867623.040000,1488.000000,
31887623.040000,1488.000000,
31907623.040000,1488.000000,
31927623.040000,1488.000000,
31947623.040000,1488.000000,
31967623.040000,1488.000000,
31987623.040000,1488.000000,
32007623.040000,1488.000000,
32027623.040000,1488.000000,
32047623.040000,1488.000000,
32067623.040000,1488.000000,
32087623.040000,1488.000000,
32107623.040000,1488.000000,
32127623.040000,1488.000000,
32147623.040000,1488.000000,
32167623.040000,1488.000000,
32187623.040000,1488.000000,
32207623.040000,1488.000000,
32227623.040000,1488.000000,
32247623.040000,1488.000000,
32267623.040000,1488.000000,
32287623.040000,1488.000000,
32307623.040000,1488.000000,
32327623.040000,1488.000000,
32347623.040000,1488.000000,
32367623.040000,1488.000000,
32387623.040000,1488.000000,
32407623.040000,1488.000000,
32427623.040000,1488.000000,
32447623.040000,1488.000000,
32467623.040000,1488.000000,
32487623.040000,1488.000000,
32507623.040000,1488.000000,
32527623.040000,1488.000000,
32547623.040000,1488.000000,
32567623.040000,1488.000000,
32587623.040000,1488.000000,
32607623.040000,1488.000000,
32627623.040000,1488.000000,
32647623.040000,1488.000000,
32667623.040000,1488.000000,
32687623.040000,1488.000000,
32707623.040000,1488.000000,
32727623.040000,1488.000000,
32747623.040000,1488.000000,
32767623.040000,1488.000000,
32787623.040000,1488.000000,
32807623.040000,1488.000000,
32827623.040000,1488.000000,
32847623.040000,1488.000000,
32867623.040000,1488.000000,
32887623.040000,1488.000000,
32907623.040000,1488.000000,
32927623.040000,1488.000000,
32947623.040000,1488.000000,
32967623.040000,1488.000000,
32987623.040000,1488.000000,
33007623.040000,1488.000000,
33027623.040000,1488.000000,
33047623.040000,1488.000000,
33067623.040000,1488.000000,
33087623.040000,1488.000000,
33107623.040000,1488.000000,
33127623.040000,1488.000000,
33147623.040000,1488.000000,
33167623.040000,1488.000000,
33190623.040000,1488.000000,
33210623.040000,1488.000000,
33230623.040000,1488.000000,
33250623.040000,1488.000000,
33270623.040000,1488.000000,
33290623.040000,1488.000000,
33310623.040000,1488.000000,
33330623.040000,1488.000000,
33350623.040000,1488.000000,
33370623.040000,1488.000000,
33390623.040000,1488.000000,
33410623.040000,1488.000000,
33430623.040000,1488.000000,
33450623.040000,1488.000000,
33470623.040000,1488.000000,
33490623.040000,1488.000000,
33510623.040000,1488.000000,
33530623.040000,1488.000000,
33550623.040000,1488.000000,
33570623.040000,1488.000000,
33590623.040000,1488.000000,
33610623.040000,1488.000000,
33630623.040000,1488.000000,
33650623.040000,1488.000000,
33670623.040000,1488.000000,
33690623.040000,1488.000000,
33710623.040000,1488.000000,
33730623.040000,1488.000000,
33750623.040000,1488.000000,
33770623.040000,1488.000000,
33790623.040000,1488.000000,
33810623.040000,1488.000000,
33830623.040000,1488.000000,
33850623.040000,1488.000000,
33870623.040000,1488.000000,
33890623.040000,1488.000000,
33910623.040000,1488.000000,
33930623.040000,1488.000000,
33950623.040000,1488.000000,
33970623.040000,1488.000000,
33990623.040000,1488.000000,
34010623.040000,1488.000000,
34030623.040000,1488.000000,
34050623.040000,1488.000000,
34070623.040000,1488.000000,
34090623.040000,1488.000000,
34110623.040000,1488.000000,
34130623.040000,1488.000000,
34150623.040000,1488.000000,
34170623.040000,1488.000000,
34190623.040000,1488.000000,
34210623.040000,1488.000000,
34230623.040000,1488.000000,
34250623.040000,1488.000000,
34270623.040000,1488.000000,
34290623.040000,1488.000000,
34310623.040000,1488.000000,
34330623.040000,1488.000000,
34350623.040000,1488.000000,
34370623.040000,1488.000000,
34390623.040000,1488.000000,
34410623.040000,1488.000000,
34430623.040000,1488.000000,
34450623.040000,1488.000000,
34470623.040000,1488.000000,
34490623.040000,1488.000000,
34510623.040000,1488.000000,
34530623.040000,1488.000000,
34550623.040000,1488.000000,
34570623.040000,1488.000000,
34590623.040000,1488.000000,
34610623.040000,1488.000000,
34630623.040000,1488.000000,
34650623.040000,1488.000000,
34670623.040000,1488.000000,
34690623.040000,1488.000000,
34710623.040000,1488.000000,
34730623.040000,1488.000000,
34750623.040000,1488.000000,
34770623.040000,1488.000000,
34790623.040000,1488.000000,
34810623.040000,1488.000000,
34830623.040000,1488.000000,
34850623.040000,1488.000000,
34870623.040000,1488.000000,
34890623.040000,1488.000000,
34910623.040000,1488.000000,
34930623.040000,1488.000000,
34950623.040000,1488.000000,
34970623.040000,1488.000000,
34990623.040000,1488.000000,
35010623.040000,1488.000000,
35030623.040000,1488.000000,
35050623.040000,1488.000000,
35070623.040000,1488.000000,
35090623.040000,1488.000000,
35110623.040000,1488.000000,
35130623.040000,1488.000000,
35150623.040000,1488.000000,
35170623.040000,1488.000000,
35190623.040000,1488.000000,
35210623.040000,1488.000000,
35230623.040000,1488.000000,
35250623.040000,1488.000000,
35270623.040000,1488.000000,
35290623.040000,1488.000000,
35310623.040000,1488.000000,
35330623.040000,1488.000000,
35350623.040000,1488.000000,
35370623.040000,1488.000000,
35390623.040000,1488.000000,
35410623.040000,1488.000000,
35430623.040000,1488.000000,
35450623.040000,1488.000000,
35470623.040000,1488.000000,
35490623.040000,1488.000000,
35510623.040000,1488.000000,
35530623.040000,1488.000000,
35550623.040000,1488.000000,
35570623.040000,1488.000000,
35590623.040000,1488.000000,
35610623.040000,1488.000000,
35630623.040000,1488.000000,
35650623.040000,1488.000000,
35670623.040000,1488.000000,
35690623.040000,1488.000000,
35710623.040000,1488.000000,
35730623.040000,1488.000000,
35750623.040000,1488.000000,
35770623.040000,1488.000000,
35790623.040000,1488.000000,
35810623.040000,1488.000000,
35830623.040000,1488.000000,
35850623.040000,1488.000000,
35870623.040000,1488.000000,
35890623.040000,1488.000000,
35910623.040000,1488.000000,
35930623.040000,1488.000000,
35950623.040000,1488.000000,
35970623.040000,1488.000000,
35990623.040000,1488.000000,
36010623.040000,1488.000000,
36030623.040000,1488.000000,
36050623.040000,1488.000000,
36070623.040000,1488.000000,
36090623.040000,1488.000000,
36110623.040000,1488.000000,
36130623.040000,1488.000000,
36150623.040000,1488.000000,
36170623.040000,1488.000000,
36190623.040000,1488.000000,
36210623.040000,1488.000000,
36230623.040000,1488.000000,
36250623.040000,1488.000000,
36270623.040000,1488.000000,
36290623.040000,1488.000000,
36310623.040000,1488.000000,
36330623.040000,1488.000000,
36350623.040000,1488.000000,
36370623.040000,1488.000000,
36390623.040000,1488.000000,
36410623.040000,1488.000000,
36430623.040000,1488.000000,
36450623.040000,1488.000000,
36470623.040000,1488.000000,
36490623.040000,1488.000000,
36510623.040000,1488.000000,
36530623.040000,1488.000000,
36550623.040000,1488.000000,
36570623.040000,1488.000000,
36590623.040000,1488.000000,
36610623.040000,1488.000000,
36630623.040000,1488.000000,
36650623.040000,1488.000000,
36670623.040000,1488.000000,
36690623.040000,1488.000000,
36710623.040000,1488.000000,
36730623.040000,1488.000000,
36750623.040000,1488.000000,
36770623.040000,1488.000000,
36790623.040000,1488.000000,
36810623.040000,1488.000000,
36830623.040000,1488.000000,
36850623.040000,1488.000000,
36870623.040000,1488.000000,
36890623.040000,1488.000000,
36910623.040000,1488.000000,
36930623.040000,1488.000000,
36950623.040000,1488.000000,
36970623.040000,1488.000000,
36990623.040000,1488.000000,
37010623.040000,1488.000000,
37030623.040000,1488.000000,
37050623.040000,1488.000000,
37070623.040000,1488.000000,
37090623.040000,1488.000000,
37110623.040000,1488.000000,
37130623.040000,1488.000000,
37150623.040000,1488.000000,
37170623.040000,1488.000000,
37190623.040000,1488.000000,
37210623.040000,1488.000000,
37230623.040000,1488.000000,
37250623.040000,1488.000000,
37270623.040000,1488.000000,
37290623.040000,1488.000000,
37310623.040000,1488.000000,
37330623.040000,1488.000000,
37350623.040000,1488.000000,
37370623.040000,1488.000000,
37390623.040000,1488.000000,
37410623.040000,1488.000000,
37430623.040000,1488.000000,
37450623.040000,1488.000000,
37470623.040000,1488.000000,
37490623.040000,1488.000000,
37510623.040000,1488.000000,
37530623.040000,1488.000000,
37550623.040000,1488.000000,
37570623.040000,1488.000000,
37590623.040000,1488.000000,
37610623.040000,1488.000000,
37630623.040000,1488.000000,
37650623.040000,1488.000000,
37670623.040000,1488.000000,
37690623.040000,1488.000000,
37710623.040000,1488.000000,
37730623.040000,1488.000000,
37750623.040000,1488.000000,
37770623.040000,1488.000000,
37790623.040000,1488.000000,
37810623.040000,1488.000000,
37830623.040000,1488.000000,
37850623.040000,1488.000000,
37870623.040000,1488.000000,
37890623.040000,1488.000000,
37910623.040000,1488.000000,
37930623.040000,1488.000000,
37954623.040000,1488.000000,
37974623.040000,1488.000000,
37994623.040000,1488.000000,
38014623.040000,1488.000000,
38034623.040000,1488.000000,
38054623.040000,1488.000000,
38074623.040000,1488.000000,
38094623.040000,1488.000000,
38114623.040000,1488.000000,
38134623.040000,1488.000000,
38154623.040000,1488.000000,
38174623.040000,1488.000000,
38194623.040000,1488.000000,
38214623.040000,1488.000000,
38234623.040000,1488.000000,
38254623.040000,1488.000000,
38274623.040000,1488.000000,
38294623.040000,1488.000000,
38314623.040000,1488.000000,
38334623.040000,1488.000000,
38354623.040000,1488.000000,
38374623.040000,1488.000000,
38394623.040000,1488.000000,
38414623.040000,1488.000000,
38434623.040000,1488.000000,
38454623.040000,1488.000000,
38474623.040000,1488.000000,
38494623.040000,1488.000000,
38514623.040000,1488.000000,
38534623.040000,1488.000000,
38554623.040000,1488.000000,
38574623.040000,1488.000000,
38594623.040000,1488.000000,
38614623.040000,1488.000000,
38634623.040000,1488.000000,
38654623.040000,1488.000000,
38674623.040000,1488.000000,
38694623.040000,1488.000000,
38714623.040000,1488.000000,
38734623.040000,1488.000000,
38754623.040000,1488.000000,
38774623.040000,1488.000000,
38794623.040000,1488.000000,
38814623.040000,1488.000000,
38834623.040000,1488.000000,
38854623.040000,1488.000000,
38874623.040000,1488.000000,
38894623.040000,1488.000000,
38914623.040000,1488.000000,
38934623.040000,1488.000000,
38954623.040000,1488.000000,
38974623.040000,1488.000000,
38994623.040000,1488.000000,
39014623.040000,1488.000000,
39034623.040000,1488.000000,
39054623.040000,1488.000000,
39074623.040000,1488.000000,
39094623.040000,1488.000000,
39114623.040000,1488.000000,
39134623.040000,1488.000000,
39154623.040000,1488.000000,
39174623.040000,1488.000000,
39194623.040000,1488.000000,
39214623.040000,1488.000000,
39234623.040000,1488.000000,
39254623.040000,1488.000000,
39274623.040000,1488.000000,
39294623.040000,1488.000000,
39314623.040000,1488.000000,
39334623.040000,1488.000000,
39354623.040000,1488.000000,
39374623.040000,1488.000000,
39394623.040000,1488.000000,
39414623.040000,1488.000000,
39434623.040000,1488.000000,
39454623.040000,1488.000000,
39474623.040000,1488.000000,
39494623.040000,1488.000000,
39514623.040000,1488.000000,
39534623.040000,1488.000000,
39554623.040000,1488.000000,
39574623.040000,1488.000000,
39594623.040000,1488.000000,
39614623.040000,1488.000000,
39634623.040000,1488.000000,
39654623.040000,1488.000000,
39674623.040000,1488.000000,
39694623.040000,1488.000000,
39714623.040000,1488.000000,
39734623.040000,1488.000000,
39754623.040000,1488.000000,
39774623.040000,1488.000000,
39794623.040000,1488.000000,
39814623.040000,1488.000000,
39834623.040000,1488.000000,
39854623.040000,1488.000000,
39874623.040000,1488.000000,
39894623.040000,1488.000000,
39914623.040000,1488.000000,
39934623.040000,1488.000000,
39954623.040000,1488.000000,
39974623.040000,1488.000000,
39994623.040000,1488.000000,
40014623.040000,1488.000000,
40034623.040000,1488.000000,
40054623.040000,1488.000000,
40074623.040000,1488.000000,
40094623.040000,1488.000000,
40114623.040000,1488.000000,
40134623.040000,1488.000000,
40154623.040000,1488.000000,
40174623.040000,1488.000000,
40194623.040000,1488.000000,
40214623.040000,1488.000000,
40234623.040000,1488.000000,
40254623.040000,1488.000000,
40274623.040000,1488.000000,
40294623.040000,1488.000000,
40314623.040000,1488.000000,
40334623.040000,1488.000000,
40354623.040000,1488.000000,
40374623.040000,1488.000000,
40394623.040000,1488.000000,
40414623.040000,1488.000000,
40434623.040000,1488.000000,
40454623.040000,1488.000000,
40474623.040000,1488.000000,
40494623.040000,1488.000000,
40514623.040000,1488.000000,
40534623.040000,1488.000000,
40554623.040000,1488.000000,
40574623.040000,1488.000000,
40594623.040000,1488.000000,
40614623.040000,1488.000000,
40634623.040000,1488.000000,
40654623.040000,1488.000000,
40674623.040000,1488.000000,
40694623.040000,1488.000000,
40714623.040000,1488.000000,
40734623.040000,1488.000000,
40754623.040000,1488.000000,
40774623.040000,1488.000000,
40794623.040000,1488.000000,
40814623.040000,1488.000000,
40834623.040000,1488.000000,
40854623.040000,1488.000000,
40874623.040000,1488.000000,
40894623.040000,1488.000000,
40914623.040000,1488.000000,
40934623.040000,1488.000000,
40954623.040000,1488.000000,
40974623.040000,1488.000000,
40994623.040000,1488.000000,
41014623.040000,1488.000000,
41034623.040000,1488.000000,
41054623.040000,1488.000000,
41074623.040000,1488.000000,
41094623.040000,1488.000000,
41114623.040000,1488.000000,
41134623.040000,1488.000000,
41154623.040000,1488.000000,
41174623.040000,1488.000000,
41194623.040000,1488.000000,
41214623.040000,1488.000000,
41234623.040000,1488.000000,
41254623.040000,1488.000000,
41274623.040000,1488.000000,
41294623.040000,1488.000000,
41314623.040000,1488.000000,
41334623.040000,1488.000000,
41354623.040000,1488.000000,
41374623.040000,1488.000000,
41394623.040000,1488.000000,
41414623.040000,1488.000000,
41434623.040000,1488.000000,
41454623.040000,1488.000000,
41474623.040000,1488.000000,
41494623.040000,1488.000000,
41514623.040000,1488.000000,
41534623.040000,1488.000000,
41554623.040000,1488.000000,
41574623.040000,1488.000000,
41594623.040000,1488.000000,
41614623.040000,1488.000000,
41634623.040000,1488.000000,
41654623.040000,1488.000000,
41674623.040000,1488.000000,
41694623.040000,1488.000000,
41714623.040000,1488.000000,
41734623.040000,1488.000000,
41754623.040000,1488.000000,
41774623.040000,1488.000000,
41794623.040000,1488.000000,
41814623.040000,1488.000000,
41834623.040000,1488.000000,
41854623.040000,1488.000000,
41874623.040000,1488.000000,
41894623.040000,1488.000000,
41914623.040000,1488.000000,
41934623.040000,1488.000000,
41954623.040000,1488.000000,
41974623.040000,1488.000000,
41994623.040000,1488.000000,
42014623.040000,1488.000000,
42034623.040000,1488.000000,
42054623.040000,1488.000000,
42074623.040000,1488.000000,
42094623.040000,1488.000000,
42114623.040000,1488.000000,
42134623.040000,1488.000000,
42154623.040000,1488.000000,
42174623.040000,1488.000000,
42194623.040000,1488.000000,
42214623.040000,1488.000000,
42234623.040000,1488.000000,
42254623.040000,1488.000000,
42274623.040000,1488.000000,
42294623.040000,1488.000000,
42314623.040000,1488.000000,
42334623.040000,1488.000000,
42354623.040000,1488.000000,
42374623.040000,1488.000000,
42394623.040000,1488.000000,
42414623.040000,1488.000000,
42434623.040000,1488.000000,
42454623.040000,1488.000000,
42474623.040000,1488.000000,
42494623.040000,1488.000000,
42514623.040000,1488.000000,
42534623.040000,1488.000000,
42554623.040000,1488.000000,
42574623.040000,1488.000000,
42594623.040000,1488.000000,
42614623.040000,1488.000000,
42634623.040000,1488.000000,
42654623.040000,1488.000000,
42674623.040000,1488.000000,
42694623.040000,1488.000000,
42714623.040000,1488.000000,
42734623.040000,1488.000000,
42754623.040000,1488.000000,
42774623.040000,1488.000000,
42794623.040000,1488.000000,
42814623.040000,1488.000000,
42834623.040000,1488.000000,
42854623.040000,1488.000000,
42874623.040000,1488.000000,
42894623.040000,1488.000000,
42914623.040000,1488.000000,
42934623.040000,1488.000000,
42954623.040000,1488.000000,
42974623.040000,1488.000000,
42994623.040000,1488.000000,
43014623.040000,1488.000000,
43034623.040000,1488.000000,
43054623.040000,1488.000000,
43074623.040000,1488.000000,
43094623.040000,1488.000000,
43114623.040000,1488.000000,
43134623.040000,1488.000000,
43154623.040000,1488.000000,
43174623.040000,1488.000000,
43194623.040000,1488.000000,
