THROUGHPUT_PLOT
Link_2_Throughput (Bi-directional Aggregated)
10.120000,64.000000,
10.120000,64.000000,
102747.080000,1488.000000,
122747.080000,1488.000000,
142747.080000,1488.000000,
162747.080000,1488.000000,
182747.080000,1488.000000,
202747.080000,1488.000000,
222747.080000,1488.000000,
242747.080000,1488.000000,
262747.080000,1488.000000,
282747.080000,1488.000000,
302747.080000,1488.000000,
322747.080000,1488.000000,
342747.080000,1488.000000,
362747.080000,1488.000000,
382747.080000,1488.000000,
402747.080000,1488.000000,
422747.080000,1488.000000,
442747.080000,1488.000000,
462747.080000,1488.000000,
482747.080000,1488.000000,
502747.080000,1488.000000,
522747.080000,1488.000000,
542747.080000,1488.000000,
562747.080000,1488.000000,
582747.080000,1488.000000,
602747.080000,1488.000000,
622747.080000,1488.000000,
642747.080000,1488.000000,
662747.080000,1488.000000,
682747.080000,1488.000000,
702747.080000,1488.000000,
722747.080000,1488.000000,
742747.080000,1488.000000,
762747.080000,1488.000000,
782747.080000,1488.000000,
802747.080000,1488.000000,
822747.080000,1488.000000,
842747.080000,1488.000000,
862747.080000,1488.000000,
882747.080000,1488.000000,
902747.080000,1488.000000,
922747.080000,1488.000000,
942747.080000,1488.000000,
962747.080000,1488.000000,
982747.080000,1488.000000,
1002747.080000,1488.000000,
1022747.080000,1488.000000,
1042747.080000,1488.000000,
1062747.080000,1488.000000,
1082747.080000,1488.000000,
1102747.080000,1488.000000,
1122747.080000,1488.000000,
1142747.080000,1488.000000,
1162747.080000,1488.000000,
1182747.080000,1488.000000,
1202747.080000,1488.000000,
1222747.080000,1488.000000,
1242747.080000,1488.000000,
1262747.080000,1488.000000,
1282747.080000,1488.000000,
1302747.080000,1488.000000,
1322747.080000,1488.000000,
1342747.080000,1488.000000,
1362747.080000,1488.000000,
1382747.080000,1488.000000,
1402747.080000,1488.000000,
1422747.080000,1488.000000,
1442747.080000,1488.000000,
1462747.080000,1488.000000,
1482747.080000,1488.000000,
1502747.080000,1488.000000,
1522747.080000,1488.000000,
1542747.080000,1488.000000,
1562747.080000,1488.000000,
1582747.080000,1488.000000,
1602747.080000,1488.000000,
1622747.080000,1488.000000,
1642747.080000,1488.000000,
1662747.080000,1488.000000,
1682747.080000,1488.000000,
1702747.080000,1488.000000,
1722747.080000,1488.000000,
1742747.080000,1488.000000,
1762747.080000,1488.000000,
1782747.080000,1488.000000,
1802747.080000,1488.000000,
1822747.080000,1488.000000,
1842747.080000,1488.000000,
1862747.080000,1488.000000,
1882747.080000,1488.000000,
1902747.080000,1488.000000,
1922747.080000,1488.000000,
1942747.080000,1488.000000,
1962747.080000,1488.000000,
1982747.080000,1488.000000,
2002747.080000,1488.000000,
2022747.080000,1488.000000,
2042747.080000,1488.000000,
2062747.080000,1488.000000,
2082747.080000,1488.000000,
2102747.080000,1488.000000,
2122747.080000,1488.000000,
2142747.080000,1488.000000,
2162747.080000,1488.000000,
2182747.080000,1488.000000,
2202747.080000,1488.000000,
2222747.080000,1488.000000,
2242747.080000,1488.000000,
2262747.080000,1488.000000,
2282747.080000,1488.000000,
2302747.080000,1488.000000,
2322747.080000,1488.000000,
2342747.080000,1488.000000,
2362747.080000,1488.000000,
2382747.080000,1488.000000,
2402747.080000,1488.000000,
2422747.080000,1488.000000,
2442747.080000,1488.000000,
2462747.080000,1488.000000,
2482747.080000,1488.000000,
2502747.080000,1488.000000,
2522747.080000,1488.000000,
2542747.080000,1488.000000,
2562747.080000,1488.000000,
2582747.080000,1488.000000,
2602747.080000,1488.000000,
2622747.080000,1488.000000,
2642747.080000,1488.000000,
2662747.080000,1488.000000,
2682747.080000,1488.000000,
2702747.080000,1488.000000,
2722747.080000,1488.000000,
2742747.080000,1488.000000,
2762747.080000,1488.000000,
2782747.080000,1488.000000,
2802747.080000,1488.000000,
2822747.080000,1488.000000,
2842747.080000,1488.000000,
2862747.080000,1488.000000,
2882747.080000,1488.000000,
2902747.080000,1488.000000,
2922747.080000,1488.000000,
2942747.080000,1488.000000,
2962747.080000,1488.000000,
2982747.080000,1488.000000,
3002747.080000,1488.000000,
3022747.080000,1488.000000,
3042747.080000,1488.000000,
3062747.080000,1488.000000,
3082747.080000,1488.000000,
3102747.080000,1488.000000,
3122747.080000,1488.000000,
3142747.080000,1488.000000,
3162747.080000,1488.000000,
3182747.080000,1488.000000,
3202747.080000,1488.000000,
3222747.080000,1488.000000,
3242747.080000,1488.000000,
3262747.080000,1488.000000,
3282747.080000,1488.000000,
3302747.080000,1488.000000,
3322747.080000,1488.000000,
3342747.080000,1488.000000,
3362747.080000,1488.000000,
3382747.080000,1488.000000,
3402747.080000,1488.000000,
3422747.080000,1488.000000,
3442747.080000,1488.000000,
3462747.080000,1488.000000,
3482747.080000,1488.000000,
3502747.080000,1488.000000,
3522747.080000,1488.000000,
3542747.080000,1488.000000,
3562747.080000,1488.000000,
3582747.080000,1488.000000,
3602747.080000,1488.000000,
3622747.080000,1488.000000,
3642747.080000,1488.000000,
3662747.080000,1488.000000,
3682747.080000,1488.000000,
3702747.080000,1488.000000,
3722747.080000,1488.000000,
3742747.080000,1488.000000,
3762747.080000,1488.000000,
3782747.080000,1488.000000,
3802747.080000,1488.000000,
3822747.080000,1488.000000,
3842747.080000,1488.000000,
3862747.080000,1488.000000,
3882747.080000,1488.000000,
3902747.080000,1488.000000,
3922747.080000,1488.000000,
3942747.080000,1488.000000,
3962747.080000,1488.000000,
3982747.080000,1488.000000,
4002747.080000,1488.000000,
4022747.080000,1488.000000,
4042747.080000,1488.000000,
4062747.080000,1488.000000,
4082747.080000,1488.000000,
4102747.080000,1488.000000,
4122747.080000,1488.000000,
4142747.080000,1488.000000,
4162747.080000,1488.000000,
4182747.080000,1488.000000,
4202747.080000,1488.000000,
4222747.080000,1488.000000,
4242747.080000,1488.000000,
4262747.080000,1488.000000,
4282747.080000,1488.000000,
4302747.080000,1488.000000,
4322747.080000,1488.000000,
4342747.080000,1488.000000,
4362747.080000,1488.000000,
4382747.080000,1488.000000,
4402747.080000,1488.000000,
4422747.080000,1488.000000,
4442747.080000,1488.000000,
4462747.080000,1488.000000,
4482747.080000,1488.000000,
4502747.080000,1488.000000,
4522747.080000,1488.000000,
4542747.080000,1488.000000,
4562747.080000,1488.000000,
4582747.080000,1488.000000,
4602747.080000,1488.000000,
4622747.080000,1488.000000,
4642747.080000,1488.000000,
4662747.080000,1488.000000,
4682747.080000,1488.000000,
4702747.080000,1488.000000,
4722747.080000,1488.000000,
4742747.080000,1488.000000,
4762747.080000,1488.000000,
4782747.080000,1488.000000,
4802747.080000,1488.000000,
4822747.080000,1488.000000,
4842747.080000,1488.000000,
4862747.080000,1488.000000,
4882747.080000,1488.000000,
4902747.080000,1488.000000,
4922747.080000,1488.000000,
4942747.080000,1488.000000,
4962747.080000,1488.000000,
4982747.080000,1488.000000,
5002747.080000,1488.000000,
5022747.080000,1488.000000,
5042747.080000,1488.000000,
5062747.080000,1488.000000,
5082747.080000,1488.000000,
5102747.080000,1488.000000,
5122747.080000,1488.000000,
5142747.080000,1488.000000,
5162747.080000,1488.000000,
5182747.080000,1488.000000,
5202747.080000,1488.000000,
5222747.080000,1488.000000,
5242747.080000,1488.000000,
5262747.080000,1488.000000,
5282747.080000,1488.000000,
5302747.080000,1488.000000,
5322747.080000,1488.000000,
5342747.080000,1488.000000,
5362747.080000,1488.000000,
5382747.080000,1488.000000,
5402747.080000,1488.000000,
5422747.080000,1488.000000,
5442747.080000,1488.000000,
5462747.080000,1488.000000,
5482747.080000,1488.000000,
5502747.080000,1488.000000,
5522747.080000,1488.000000,
5542747.080000,1488.000000,
5562747.080000,1488.000000,
5582747.080000,1488.000000,
5602747.080000,1488.000000,
5622747.080000,1488.000000,
5642747.080000,1488.000000,
5662747.080000,1488.000000,
5682747.080000,1488.000000,
5702747.080000,1488.000000,
5722747.080000,1488.000000,
5742747.080000,1488.000000,
5762747.080000,1488.000000,
5782747.080000,1488.000000,
5802747.080000,1488.000000,
5822747.080000,1488.000000,
5842747.080000,1488.000000,
5862747.080000,1488.000000,
5882747.080000,1488.000000,
5902747.080000,1488.000000,
5922747.080000,1488.000000,
5942747.080000,1488.000000,
5962747.080000,1488.000000,
5982747.080000,1488.000000,
6002747.080000,1488.000000,
6022747.080000,1488.000000,
6042747.080000,1488.000000,
6062747.080000,1488.000000,
6082747.080000,1488.000000,
6102747.080000,1488.000000,
6122747.080000,1488.000000,
6142747.080000,1488.000000,
6162747.080000,1488.000000,
6182747.080000,1488.000000,
6202747.080000,1488.000000,
6223747.080000,1488.000000,
6243747.080000,1488.000000,
6263747.080000,1488.000000,
6283747.080000,1488.000000,
6303747.080000,1488.000000,
6323747.080000,1488.000000,
6343747.080000,1488.000000,
6363747.080000,1488.000000,
6383747.080000,1488.000000,
6403747.080000,1488.000000,
6423747.080000,1488.000000,
6443747.080000,1488.000000,
6463747.080000,1488.000000,
6483747.080000,1488.000000,
6503747.080000,1488.000000,
6523747.080000,1488.000000,
6543747.080000,1488.000000,
6563747.080000,1488.000000,
6583747.080000,1488.000000,
6603747.080000,1488.000000,
6623747.080000,1488.000000,
6643747.080000,1488.000000,
6663747.080000,1488.000000,
6683747.080000,1488.000000,
6703747.080000,1488.000000,
6723747.080000,1488.000000,
6743747.080000,1488.000000,
6763747.080000,1488.000000,
6783747.080000,1488.000000,
6803747.080000,1488.000000,
6823747.080000,1488.000000,
6843747.080000,1488.000000,
6863747.080000,1488.000000,
6883747.080000,1488.000000,
6903747.080000,1488.000000,
6923747.080000,1488.000000,
6943747.080000,1488.000000,
6963747.080000,1488.000000,
6983747.080000,1488.000000,
7003747.080000,1488.000000,
7023747.080000,1488.000000,
7043747.080000,1488.000000,
7063747.080000,1488.000000,
7083747.080000,1488.000000,
7103747.080000,1488.000000,
7123747.080000,1488.000000,
7143747.080000,1488.000000,
7163747.080000,1488.000000,
7183747.080000,1488.000000,
7203747.080000,1488.000000,
7223747.080000,1488.000000,
7243747.080000,1488.000000,
7263747.080000,1488.000000,
7283747.080000,1488.000000,
7303747.080000,1488.000000,
7323747.080000,1488.000000,
7343747.080000,1488.000000,
7363747.080000,1488.000000,
7383747.080000,1488.000000,
7403747.080000,1488.000000,
7423747.080000,1488.000000,
7443747.080000,1488.000000,
7463747.080000,1488.000000,
7483747.080000,1488.000000,
7503747.080000,1488.000000,
7523747.080000,1488.000000,
7543747.080000,1488.000000,
7563747.080000,1488.000000,
7583747.080000,1488.000000,
7603747.080000,1488.000000,
7623747.080000,1488.000000,
7643747.080000,1488.000000,
7663747.080000,1488.000000,
7683747.080000,1488.000000,
7703747.080000,1488.000000,
7723747.080000,1488.000000,
7743747.080000,1488.000000,
7763747.080000,1488.000000,
7783747.080000,1488.000000,
7803747.080000,1488.000000,
7823747.080000,1488.000000,
7843747.080000,1488.000000,
7863747.080000,1488.000000,
7883747.080000,1488.000000,
7903747.080000,1488.000000,
7923747.080000,1488.000000,
7943747.080000,1488.000000,
7963747.080000,1488.000000,
7983747.080000,1488.000000,
8003747.080000,1488.000000,
8023747.080000,1488.000000,
8043747.080000,1488.000000,
8063747.080000,1488.000000,
8083747.080000,1488.000000,
8103747.080000,1488.000000,
8123747.080000,1488.000000,
8143747.080000,1488.000000,
8163747.080000,1488.000000,
8183747.080000,1488.000000,
8203747.080000,1488.000000,
8223747.080000,1488.000000,
8243747.080000,1488.000000,
8263747.080000,1488.000000,
8283747.080000,1488.000000,
8303747.080000,1488.000000,
8323747.080000,1488.000000,
8343747.080000,1488.000000,
8363747.080000,1488.000000,
8383747.080000,1488.000000,
8403747.080000,1488.000000,
8423747.080000,1488.000000,
8443747.080000,1488.000000,
8463747.080000,1488.000000,
8483747.080000,1488.000000,
8503747.080000,1488.000000,
8523747.080000,1488.000000,
8543747.080000,1488.000000,
8563747.080000,1488.000000,
8583747.080000,1488.000000,
8603747.080000,1488.000000,
8623747.080000,1488.000000,
8643747.080000,1488.000000,
8663747.080000,1488.000000,
8683747.080000,1488.000000,
8703747.080000,1488.000000,
8723747.080000,1488.000000,
8743747.080000,1488.000000,
8763747.080000,1488.000000,
8783747.080000,1488.000000,
8803747.080000,1488.000000,
8823747.080000,1488.000000,
8843747.080000,1488.000000,
8863747.080000,1488.000000,
8883747.080000,1488.000000,
8903747.080000,1488.000000,
8923747.080000,1488.000000,
8943747.080000,1488.000000,
8963747.080000,1488.000000,
8983747.080000,1488.000000,
9003747.080000,1488.000000,
9023747.080000,1488.000000,
9043747.080000,1488.000000,
9063747.080000,1488.000000,
9083747.080000,1488.000000,
9103747.080000,1488.000000,
9123747.080000,1488.000000,
9143747.080000,1488.000000,
9163747.080000,1488.000000,
9183747.080000,1488.000000,
9203747.080000,1488.000000,
9223747.080000,1488.000000,
9243747.080000,1488.000000,
9263747.080000,1488.000000,
9283747.080000,1488.000000,
9303747.080000,1488.000000,
9323747.080000,1488.000000,
9343747.080000,1488.000000,
9363747.080000,1488.000000,
9383747.080000,1488.000000,
9403747.080000,1488.000000,
9423747.080000,1488.000000,
9443747.080000,1488.000000,
9463747.080000,1488.000000,
9483747.080000,1488.000000,
9503747.080000,1488.000000,
9523747.080000,1488.000000,
9543747.080000,1488.000000,
9563747.080000,1488.000000,
9583747.080000,1488.000000,
9603747.080000,1488.000000,
9623747.080000,1488.000000,
9643747.080000,1488.000000,
9663747.080000,1488.000000,
9683747.080000,1488.000000,
9703747.080000,1488.000000,
9723747.080000,1488.000000,
9743747.080000,1488.000000,
9763747.080000,1488.000000,
9783747.080000,1488.000000,
9803747.080000,1488.000000,
9823747.080000,1488.000000,
9843747.080000,1488.000000,
9863747.080000,1488.000000,
9883747.080000,1488.000000,
9903747.080000,1488.000000,
9923747.080000,1488.000000,
9943747.080000,1488.000000,
9963747.080000,1488.000000,
9983747.080000,1488.000000,
10000010.440000,68.000000,
10000010.440000,68.000000,
10000019.600000,52.000000,
10000019.600000,52.000000,
10000030.360000,72.000000,
10000041.120000,72.000000,
10000050.280000,52.000000,
10000054.760000,56.000000,
10000059.760000,56.000000,
10003747.080000,1488.000000,
10023747.080000,1488.000000,
10043747.080000,1488.000000,
10063747.080000,1488.000000,
10068110.378838,84.000000,
10083747.080000,1488.000000,
10095986.768512,132.000000,
10103747.080000,1488.000000,
10123747.080000,1488.000000,
10143747.080000,1488.000000,
10163747.080000,1488.000000,
10183747.080000,1488.000000,
10203747.080000,1488.000000,
10223747.080000,1488.000000,
10243747.080000,1488.000000,
10263747.080000,1488.000000,
10283747.080000,1488.000000,
10303747.080000,1488.000000,
10323747.080000,1488.000000,
10343747.080000,1488.000000,
10363747.080000,1488.000000,
10383747.080000,1488.000000,
10403747.080000,1488.000000,
10423747.080000,1488.000000,
10443747.080000,1488.000000,
10463747.080000,1488.000000,
10483747.080000,1488.000000,
10503747.080000,1488.000000,
10523747.080000,1488.000000,
10543747.080000,1488.000000,
10563747.080000,1488.000000,
10583747.080000,1488.000000,
10603747.080000,1488.000000,
10623747.080000,1488.000000,
10643747.080000,1488.000000,
10663747.080000,1488.000000,
10683747.080000,1488.000000,
10703747.080000,1488.000000,
10723747.080000,1488.000000,
10743747.080000,1488.000000,
10763747.080000,1488.000000,
10783747.080000,1488.000000,
10803747.080000,1488.000000,
10823747.080000,1488.000000,
10843747.080000,1488.000000,
10863747.080000,1488.000000,
10883747.080000,1488.000000,
10903747.080000,1488.000000,
10923747.080000,1488.000000,
10943747.080000,1488.000000,
10963747.080000,1488.000000,
10983747.080000,1488.000000,
11003747.080000,1488.000000,
11023747.080000,1488.000000,
11043747.080000,1488.000000,
11063747.080000,1488.000000,
11083747.080000,1488.000000,
11103747.080000,1488.000000,
11123747.080000,1488.000000,
11131361.186376,64.000000,
11143747.080000,1488.000000,
11163747.080000,1488.000000,
11184747.080000,1488.000000,
11204747.080000,1488.000000,
11224747.080000,1488.000000,
11244747.080000,1488.000000,
11264747.080000,1488.000000,
11284747.080000,1488.000000,
11304747.080000,1488.000000,
11324747.080000,1488.000000,
11344747.080000,1488.000000,
11364747.080000,1488.000000,
11384747.080000,1488.000000,
11404747.080000,1488.000000,
11424747.080000,1488.000000,
11444747.080000,1488.000000,
11464747.080000,1488.000000,
11484747.080000,1488.000000,
11504747.080000,1488.000000,
11524747.080000,1488.000000,
11544747.080000,1488.000000,
11564747.080000,1488.000000,
11584747.080000,1488.000000,
11604747.080000,1488.000000,
11624747.080000,1488.000000,
11644747.080000,1488.000000,
11664747.080000,1488.000000,
11684747.080000,1488.000000,
11704747.080000,1488.000000,
11724747.080000,1488.000000,
11744747.080000,1488.000000,
11764747.080000,1488.000000,
11784747.080000,1488.000000,
11804747.080000,1488.000000,
11824747.080000,1488.000000,
11844747.080000,1488.000000,
11864747.080000,1488.000000,
11884747.080000,1488.000000,
11904747.080000,1488.000000,
11924747.080000,1488.000000,
11944747.080000,1488.000000,
11964747.080000,1488.000000,
11984747.080000,1488.000000,
12004747.080000,1488.000000,
12024747.080000,1488.000000,
12044747.080000,1488.000000,
12064747.080000,1488.000000,
12066052.167580,64.000000,
12084747.080000,1488.000000,
12104747.080000,1488.000000,
12124747.080000,1488.000000,
12144747.080000,1488.000000,
12164747.080000,1488.000000,
12184747.080000,1488.000000,
12204747.080000,1488.000000,
12224747.080000,1488.000000,
12244747.080000,1488.000000,
12264747.080000,1488.000000,
12284747.080000,1488.000000,
12304747.080000,1488.000000,
12324747.080000,1488.000000,
12344747.080000,1488.000000,
12364747.080000,1488.000000,
12384747.080000,1488.000000,
12404747.080000,1488.000000,
12424747.080000,1488.000000,
12444747.080000,1488.000000,
12464747.080000,1488.000000,
12484747.080000,1488.000000,
12504747.080000,1488.000000,
12524747.080000,1488.000000,
12544747.080000,1488.000000,
12564747.080000,1488.000000,
12584747.080000,1488.000000,
12604747.080000,1488.000000,
12624747.080000,1488.000000,
12644747.080000,1488.000000,
12664747.080000,1488.000000,
12684747.080000,1488.000000,
12704747.080000,1488.000000,
12724747.080000,1488.000000,
12744747.080000,1488.000000,
12764747.080000,1488.000000,
12784747.080000,1488.000000,
12804747.080000,1488.000000,
12824747.080000,1488.000000,
12844747.080000,1488.000000,
12864747.080000,1488.000000,
12884747.080000,1488.000000,
12904747.080000,1488.000000,
12924747.080000,1488.000000,
12944747.080000,1488.000000,
12964747.080000,1488.000000,
12984747.080000,1488.000000,
13004747.080000,1488.000000,
13024747.080000,1488.000000,
13044747.080000,1488.000000,
13064747.080000,1488.000000,
13084747.080000,1488.000000,
13104747.080000,1488.000000,
13124747.080000,1488.000000,
13144747.080000,1488.000000,
13164747.080000,1488.000000,
13184747.080000,1488.000000,
13204747.080000,1488.000000,
13224747.080000,1488.000000,
13244747.080000,1488.000000,
13264747.080000,1488.000000,
13284747.080000,1488.000000,
13304747.080000,1488.000000,
13324747.080000,1488.000000,
13344747.080000,1488.000000,
13364747.080000,1488.000000,
13384747.080000,1488.000000,
13404747.080000,1488.000000,
13424747.080000,1488.000000,
13444747.080000,1488.000000,
13464747.080000,1488.000000,
13484747.080000,1488.000000,
13504747.080000,1488.000000,
13524747.080000,1488.000000,
13544747.080000,1488.000000,
13564747.080000,1488.000000,
13584747.080000,1488.000000,
13604747.080000,1488.000000,
13624747.080000,1488.000000,
13644747.080000,1488.000000,
13664747.080000,1488.000000,
13684747.080000,1488.000000,
13704747.080000,1488.000000,
13724747.080000,1488.000000,
13744747.080000,1488.000000,
13764747.080000,1488.000000,
13784747.080000,1488.000000,
13804747.080000,1488.000000,
13824747.080000,1488.000000,
13844747.080000,1488.000000,
13864747.080000,1488.000000,
13884747.080000,1488.000000,
13904747.080000,1488.000000,
13924747.080000,1488.000000,
13944747.080000,1488.000000,
13964747.080000,1488.000000,
13984747.080000,1488.000000,
14004747.080000,1488.000000,
14024747.080000,1488.000000,
14044747.080000,1488.000000,
14064747.080000,1488.000000,
14084747.080000,1488.000000,
14104747.080000,1488.000000,
14124747.080000,1488.000000,
14144747.080000,1488.000000,
14164747.080000,1488.000000,
14184747.080000,1488.000000,
14204747.080000,1488.000000,
14224747.080000,1488.000000,
14244747.080000,1488.000000,
14264747.080000,1488.000000,
14284747.080000,1488.000000,
14304747.080000,1488.000000,
14324747.080000,1488.000000,
14344747.080000,1488.000000,
14364747.080000,1488.000000,
14384747.080000,1488.000000,
14404747.080000,1488.000000,
14424747.080000,1488.000000,
14444747.080000,1488.000000,
14464747.080000,1488.000000,
14484747.080000,1488.000000,
14504747.080000,1488.000000,
14524747.080000,1488.000000,
14544747.080000,1488.000000,
14564747.080000,1488.000000,
14584747.080000,1488.000000,
14604747.080000,1488.000000,
14624747.080000,1488.000000,
14644747.080000,1488.000000,
14664747.080000,1488.000000,
14684747.080000,1488.000000,
14704747.080000,1488.000000,
14724747.080000,1488.000000,
14744747.080000,1488.000000,
14764747.080000,1488.000000,
14784747.080000,1488.000000,
14804747.080000,1488.000000,
14824747.080000,1488.000000,
14844747.080000,1488.000000,
14864747.080000,1488.000000,
14884747.080000,1488.000000,
14904747.080000,1488.000000,
14924747.080000,1488.000000,
14944747.080000,1488.000000,
14964747.080000,1488.000000,
14984747.080000,1488.000000,
15004747.080000,1488.000000,
15024747.080000,1488.000000,
15044747.080000,1488.000000,
15064747.080000,1488.000000,
15084747.080000,1488.000000,
15102041.634723,96.000000,
15104747.080000,1488.000000,
15124747.080000,1488.000000,
15144747.080000,1488.000000,
15164747.080000,1488.000000,
15184747.080000,1488.000000,
15204747.080000,1488.000000,
15224747.080000,1488.000000,
15244747.080000,1488.000000,
15249111.141086,64.000000,
15264747.080000,1488.000000,
15284747.080000,1488.000000,
15304747.080000,1488.000000,
15324747.080000,1488.000000,
15344747.080000,1488.000000,
15364747.080000,1488.000000,
15384747.080000,1488.000000,
15404747.080000,1488.000000,
15424747.080000,1488.000000,
15444747.080000,1488.000000,
15464747.080000,1488.000000,
15484747.080000,1488.000000,
15504747.080000,1488.000000,
15524747.080000,1488.000000,
15544747.080000,1488.000000,
15564747.080000,1488.000000,
15584747.080000,1488.000000,
15604747.080000,1488.000000,
15624747.080000,1488.000000,
15644747.080000,1488.000000,
15664747.080000,1488.000000,
15684747.080000,1488.000000,
15704747.080000,1488.000000,
15724747.080000,1488.000000,
15744747.080000,1488.000000,
15764747.080000,1488.000000,
15784747.080000,1488.000000,
15804747.080000,1488.000000,
15824747.080000,1488.000000,
15844747.080000,1488.000000,
15864747.080000,1488.000000,
15884747.080000,1488.000000,
15904747.080000,1488.000000,
15924747.080000,1488.000000,
15944747.080000,1488.000000,
15964747.080000,1488.000000,
15984747.080000,1488.000000,
16004747.080000,1488.000000,
16024747.080000,1488.000000,
16044747.080000,1488.000000,
16064747.080000,1488.000000,
16084747.080000,1488.000000,
16104747.080000,1488.000000,
16124747.080000,1488.000000,
16144747.080000,1488.000000,
16164747.080000,1488.000000,
16184747.080000,1488.000000,
16204747.080000,1488.000000,
16224747.080000,1488.000000,
16244747.080000,1488.000000,
16264747.080000,1488.000000,
16284747.080000,1488.000000,
16304747.080000,1488.000000,
16324747.080000,1488.000000,
16344747.080000,1488.000000,
16364747.080000,1488.000000,
16384747.080000,1488.000000,
16404747.080000,1488.000000,
16424747.080000,1488.000000,
16444747.080000,1488.000000,
16464747.080000,1488.000000,
16484747.080000,1488.000000,
16504747.080000,1488.000000,
16524747.080000,1488.000000,
16544747.080000,1488.000000,
16564747.080000,1488.000000,
16584747.080000,1488.000000,
16604747.080000,1488.000000,
16624747.080000,1488.000000,
16644747.080000,1488.000000,
16664747.080000,1488.000000,
16684747.080000,1488.000000,
16704747.080000,1488.000000,
16724747.080000,1488.000000,
16744747.080000,1488.000000,
16764747.080000,1488.000000,
16784747.080000,1488.000000,
16804747.080000,1488.000000,
16824747.080000,1488.000000,
16844747.080000,1488.000000,
16864747.080000,1488.000000,
16884747.080000,1488.000000,
16904747.080000,1488.000000,
16924747.080000,1488.000000,
16944747.080000,1488.000000,
16964747.080000,1488.000000,
16984747.080000,1488.000000,
17004747.080000,1488.000000,
17024747.080000,1488.000000,
17044747.080000,1488.000000,
17064747.080000,1488.000000,
17084747.080000,1488.000000,
17104747.080000,1488.000000,
17124747.080000,1488.000000,
17144747.080000,1488.000000,
17164747.080000,1488.000000,
17184747.080000,1488.000000,
17204747.080000,1488.000000,
17224747.080000,1488.000000,
17244747.080000,1488.000000,
17264747.080000,1488.000000,
17284747.080000,1488.000000,
17304747.080000,1488.000000,
17324747.080000,1488.000000,
17344747.080000,1488.000000,
17364747.080000,1488.000000,
17384747.080000,1488.000000,
17404747.080000,1488.000000,
17424747.080000,1488.000000,
17444747.080000,1488.000000,
17464747.080000,1488.000000,
17484747.080000,1488.000000,
17504747.080000,1488.000000,
17524747.080000,1488.000000,
17544747.080000,1488.000000,
17564747.080000,1488.000000,
17584747.080000,1488.000000,
17604747.080000,1488.000000,
17624747.080000,1488.000000,
17644747.080000,1488.000000,
17664747.080000,1488.000000,
17684747.080000,1488.000000,
17704747.080000,1488.000000,
17724747.080000,1488.000000,
17744747.080000,1488.000000,
17764747.080000,1488.000000,
17784747.080000,1488.000000,
17804747.080000,1488.000000,
17824747.080000,1488.000000,
17844747.080000,1488.000000,
17864747.080000,1488.000000,
17884747.080000,1488.000000,
17904747.080000,1488.000000,
17924747.080000,1488.000000,
17944747.080000,1488.000000,
17964747.080000,1488.000000,
17984747.080000,1488.000000,
18004747.080000,1488.000000,
18024747.080000,1488.000000,
18044747.080000,1488.000000,
18064747.080000,1488.000000,
18084747.080000,1488.000000,
18104747.080000,1488.000000,
18124747.080000,1488.000000,
18144747.080000,1488.000000,
18164747.080000,1488.000000,
18184747.080000,1488.000000,
18204747.080000,1488.000000,
18224747.080000,1488.000000,
18244747.080000,1488.000000,
18264747.080000,1488.000000,
18284747.080000,1488.000000,
18304747.080000,1488.000000,
18324747.080000,1488.000000,
18344747.080000,1488.000000,
18364747.080000,1488.000000,
18384747.080000,1488.000000,
18404747.080000,1488.000000,
18424747.080000,1488.000000,
18444747.080000,1488.000000,
18464747.080000,1488.000000,
18484747.080000,1488.000000,
18504747.080000,1488.000000,
18524747.080000,1488.000000,
18544747.080000,1488.000000,
18564747.080000,1488.000000,
18584747.080000,1488.000000,
18604747.080000,1488.000000,
18624747.080000,1488.000000,
18644747.080000,1488.000000,
18664747.080000,1488.000000,
18684747.080000,1488.000000,
18704747.080000,1488.000000,
18724747.080000,1488.000000,
18744747.080000,1488.000000,
18764747.080000,1488.000000,
18784747.080000,1488.000000,
18804747.080000,1488.000000,
18824747.080000,1488.000000,
18844747.080000,1488.000000,
18864747.080000,1488.000000,
18884747.080000,1488.000000,
18904747.080000,1488.000000,
18924747.080000,1488.000000,
18944747.080000,1488.000000,
18964747.080000,1488.000000,
18984747.080000,1488.000000,
19004747.080000,1488.000000,
19024747.080000,1488.000000,
19044747.080000,1488.000000,
19064747.080000,1488.000000,
19084747.080000,1488.000000,
19104747.080000,1488.000000,
19124747.080000,1488.000000,
19144747.080000,1488.000000,
19164747.080000,1488.000000,
19184747.080000,1488.000000,
19204747.080000,1488.000000,
19224747.080000,1488.000000,
19244747.080000,1488.000000,
19264747.080000,1488.000000,
19284747.080000,1488.000000,
19304747.080000,1488.000000,
19324747.080000,1488.000000,
19344747.080000,1488.000000,
19364747.080000,1488.000000,
19384747.080000,1488.000000,
19404747.080000,1488.000000,
19424747.080000,1488.000000,
19444747.080000,1488.000000,
19464747.080000,1488.000000,
19484747.080000,1488.000000,
19504747.080000,1488.000000,
19524747.080000,1488.000000,
19544747.080000,1488.000000,
19564747.080000,1488.000000,
19584747.080000,1488.000000,
19604747.080000,1488.000000,
19624747.080000,1488.000000,
19644747.080000,1488.000000,
19664747.080000,1488.000000,
19684747.080000,1488.000000,
19704747.080000,1488.000000,
19724747.080000,1488.000000,
19744747.080000,1488.000000,
19764747.080000,1488.000000,
19784747.080000,1488.000000,
19804747.080000,1488.000000,
19824747.080000,1488.000000,
19844747.080000,1488.000000,
19864747.080000,1488.000000,
19884747.080000,1488.000000,
19904747.080000,1488.000000,
19924747.080000,1488.000000,
19944747.080000,1488.000000,
19964747.080000,1488.000000,
19984747.080000,1488.000000,
20000010.440000,68.000000,
20000010.440000,68.000000,
20004747.080000,1488.000000,
20024747.080000,1488.000000,
20044747.080000,1488.000000,
20064747.080000,1488.000000,
20084747.080000,1488.000000,
20104747.080000,1488.000000,
20124747.080000,1488.000000,
20144747.080000,1488.000000,
20164747.080000,1488.000000,
20184747.080000,1488.000000,
20204747.080000,1488.000000,
20224747.080000,1488.000000,
20244747.080000,1488.000000,
20264747.080000,1488.000000,
20284747.080000,1488.000000,
20304747.080000,1488.000000,
20324747.080000,1488.000000,
20344747.080000,1488.000000,
20364747.080000,1488.000000,
20384747.080000,1488.000000,
20404747.080000,1488.000000,
20424747.080000,1488.000000,
20444747.080000,1488.000000,
20464747.080000,1488.000000,
20484747.080000,1488.000000,
20504747.080000,1488.000000,
20524747.080000,1488.000000,
20544747.080000,1488.000000,
20564747.080000,1488.000000,
20584747.080000,1488.000000,
20604747.080000,1488.000000,
20624747.080000,1488.000000,
20644747.080000,1488.000000,
20664747.080000,1488.000000,
20684747.080000,1488.000000,
20704747.080000,1488.000000,
20724747.080000,1488.000000,
20744747.080000,1488.000000,
20764747.080000,1488.000000,
20784747.080000,1488.000000,
20804747.080000,1488.000000,
20824747.080000,1488.000000,
20844747.080000,1488.000000,
20864747.080000,1488.000000,
20884747.080000,1488.000000,
20904747.080000,1488.000000,
20924747.080000,1488.000000,
20944747.080000,1488.000000,
20964747.080000,1488.000000,
20984747.080000,1488.000000,
21004747.080000,1488.000000,
21024747.080000,1488.000000,
21044747.080000,1488.000000,
21064747.080000,1488.000000,
21084747.080000,1488.000000,
21104747.080000,1488.000000,
21124747.080000,1488.000000,
21144747.080000,1488.000000,
21164747.080000,1488.000000,
21184747.080000,1488.000000,
21204747.080000,1488.000000,
21224747.080000,1488.000000,
21244747.080000,1488.000000,
21264747.080000,1488.000000,
21284747.080000,1488.000000,
21304747.080000,1488.000000,
21324747.080000,1488.000000,
21344747.080000,1488.000000,
21364747.080000,1488.000000,
21384747.080000,1488.000000,
21404747.080000,1488.000000,
21424747.080000,1488.000000,
21444747.080000,1488.000000,
21464747.080000,1488.000000,
21484747.080000,1488.000000,
21504747.080000,1488.000000,
21524747.080000,1488.000000,
21544747.080000,1488.000000,
21564747.080000,1488.000000,
21584747.080000,1488.000000,
21604747.080000,1488.000000,
21624747.080000,1488.000000,
21644747.080000,1488.000000,
21664747.080000,1488.000000,
21684747.080000,1488.000000,
21704747.080000,1488.000000,
21724747.080000,1488.000000,
21744747.080000,1488.000000,
21764747.080000,1488.000000,
21784747.080000,1488.000000,
21804747.080000,1488.000000,
21824747.080000,1488.000000,
21844747.080000,1488.000000,
21864747.080000,1488.000000,
21884747.080000,1488.000000,
21904747.080000,1488.000000,
21924747.080000,1488.000000,
21944747.080000,1488.000000,
21964747.080000,1488.000000,
21984747.080000,1488.000000,
22004747.080000,1488.000000,
22024747.080000,1488.000000,
22044747.080000,1488.000000,
22064747.080000,1488.000000,
22084747.080000,1488.000000,
22104747.080000,1488.000000,
22124747.080000,1488.000000,
22144747.080000,1488.000000,
22164747.080000,1488.000000,
22184747.080000,1488.000000,
22204747.080000,1488.000000,
22224747.080000,1488.000000,
22244747.080000,1488.000000,
22264747.080000,1488.000000,
22284747.080000,1488.000000,
22304747.080000,1488.000000,
22324747.080000,1488.000000,
22344747.080000,1488.000000,
22364747.080000,1488.000000,
22384747.080000,1488.000000,
22404747.080000,1488.000000,
22424747.080000,1488.000000,
22444747.080000,1488.000000,
22464747.080000,1488.000000,
22484747.080000,1488.000000,
22504747.080000,1488.000000,
22524747.080000,1488.000000,
22544747.080000,1488.000000,
22564747.080000,1488.000000,
22584747.080000,1488.000000,
22604747.080000,1488.000000,
22624747.080000,1488.000000,
22644747.080000,1488.000000,
22664747.080000,1488.000000,
22684747.080000,1488.000000,
22704747.080000,1488.000000,
22724747.080000,1488.000000,
22744747.080000,1488.000000,
22764747.080000,1488.000000,
22784747.080000,1488.000000,
22804747.080000,1488.000000,
22824747.080000,1488.000000,
22844747.080000,1488.000000,
22864747.080000,1488.000000,
22884747.080000,1488.000000,
22904747.080000,1488.000000,
22924747.080000,1488.000000,
22944747.080000,1488.000000,
22964747.080000,1488.000000,
22984747.080000,1488.000000,
23004747.080000,1488.000000,
23024747.080000,1488.000000,
23044747.080000,1488.000000,
23064747.080000,1488.000000,
23084747.080000,1488.000000,
23104747.080000,1488.000000,
23124747.080000,1488.000000,
23144747.080000,1488.000000,
23164747.080000,1488.000000,
23184747.080000,1488.000000,
23204747.080000,1488.000000,
23224747.080000,1488.000000,
23244747.080000,1488.000000,
23264747.080000,1488.000000,
23284747.080000,1488.000000,
23305747.080000,1488.000000,
23325747.080000,1488.000000,
23345747.080000,1488.000000,
23365747.080000,1488.000000,
23385747.080000,1488.000000,
23405747.080000,1488.000000,
23425747.080000,1488.000000,
23445747.080000,1488.000000,
23465747.080000,1488.000000,
23485747.080000,1488.000000,
23505747.080000,1488.000000,
23525747.080000,1488.000000,
23545747.080000,1488.000000,
23565747.080000,1488.000000,
23585747.080000,1488.000000,
23605747.080000,1488.000000,
23625747.080000,1488.000000,
23645747.080000,1488.000000,
23665747.080000,1488.000000,
23685747.080000,1488.000000,
23705747.080000,1488.000000,
23725747.080000,1488.000000,
23745747.080000,1488.000000,
23765747.080000,1488.000000,
23785747.080000,1488.000000,
23805747.080000,1488.000000,
23825747.080000,1488.000000,
23845747.080000,1488.000000,
23865747.080000,1488.000000,
23885747.080000,1488.000000,
23905747.080000,1488.000000,
23925747.080000,1488.000000,
23945747.080000,1488.000000,
23965747.080000,1488.000000,
23985747.080000,1488.000000,
24005747.080000,1488.000000,
24025747.080000,1488.000000,
24045747.080000,1488.000000,
24065747.080000,1488.000000,
24085747.080000,1488.000000,
24105747.080000,1488.000000,
24125747.080000,1488.000000,
24145747.080000,1488.000000,
24165747.080000,1488.000000,
24185747.080000,1488.000000,
24205747.080000,1488.000000,
24225747.080000,1488.000000,
24245747.080000,1488.000000,
24265747.080000,1488.000000,
24285747.080000,1488.000000,
24305747.080000,1488.000000,
24325747.080000,1488.000000,
24345747.080000,1488.000000,
24365747.080000,1488.000000,
24385747.080000,1488.000000,
24405747.080000,1488.000000,
24425747.080000,1488.000000,
24445747.080000,1488.000000,
24465747.080000,1488.000000,
24485747.080000,1488.000000,
24505747.080000,1488.000000,
24525747.080000,1488.000000,
24545747.080000,1488.000000,
24565747.080000,1488.000000,
24585747.080000,1488.000000,
24605747.080000,1488.000000,
24625747.080000,1488.000000,
24645747.080000,1488.000000,
24665747.080000,1488.000000,
24685747.080000,1488.000000,
24705747.080000,1488.000000,
24725747.080000,1488.000000,
24745747.080000,1488.000000,
24765747.080000,1488.000000,
24785747.080000,1488.000000,
24805747.080000,1488.000000,
24825747.080000,1488.000000,
24845747.080000,1488.000000,
24865747.080000,1488.000000,
24885747.080000,1488.000000,
24905747.080000,1488.000000,
24925747.080000,1488.000000,
24945747.080000,1488.000000,
24965747.080000,1488.000000,
24985747.080000,1488.000000,
25005747.080000,1488.000000,
25025747.080000,1488.000000,
25045747.080000,1488.000000,
25065747.080000,1488.000000,
25085747.080000,1488.000000,
25105747.080000,1488.000000,
25125747.080000,1488.000000,
25145747.080000,1488.000000,
25165747.080000,1488.000000,
25185747.080000,1488.000000,
25205747.080000,1488.000000,
25225747.080000,1488.000000,
25245747.080000,1488.000000,
25265747.080000,1488.000000,
25285747.080000,1488.000000,
25305747.080000,1488.000000,
25325747.080000,1488.000000,
25345747.080000,1488.000000,
25365747.080000,1488.000000,
25385747.080000,1488.000000,
25405747.080000,1488.000000,
25425747.080000,1488.000000,
25445747.080000,1488.000000,
25465747.080000,1488.000000,
25485747.080000,1488.000000,
25505747.080000,1488.000000,
25525747.080000,1488.000000,
25545747.080000,1488.000000,
25565747.080000,1488.000000,
25585747.080000,1488.000000,
25605747.080000,1488.000000,
25625747.080000,1488.000000,
25645747.080000,1488.000000,
25665747.080000,1488.000000,
25685747.080000,1488.000000,
25705747.080000,1488.000000,
25725747.080000,1488.000000,
25745747.080000,1488.000000,
25765747.080000,1488.000000,
25785747.080000,1488.000000,
25805747.080000,1488.000000,
25825747.080000,1488.000000,
25845747.080000,1488.000000,
25865747.080000,1488.000000,
25885747.080000,1488.000000,
25905747.080000,1488.000000,
25925747.080000,1488.000000,
25945747.080000,1488.000000,
25965747.080000,1488.000000,
25985747.080000,1488.000000,
26005747.080000,1488.000000,
26025747.080000,1488.000000,
26045747.080000,1488.000000,
26065747.080000,1488.000000,
26085747.080000,1488.000000,
26105747.080000,1488.000000,
26125747.080000,1488.000000,
26145747.080000,1488.000000,
26165747.080000,1488.000000,
26185747.080000,1488.000000,
26205747.080000,1488.000000,
26225747.080000,1488.000000,
26245747.080000,1488.000000,
26265747.080000,1488.000000,
26285747.080000,1488.000000,
26305747.080000,1488.000000,
26325747.080000,1488.000000,
26345747.080000,1488.000000,
26365747.080000,1488.000000,
26385747.080000,1488.000000,
26405747.080000,1488.000000,
26425747.080000,1488.000000,
26445747.080000,1488.000000,
26465747.080000,1488.000000,
26485747.080000,1488.000000,
26505747.080000,1488.000000,
26525747.080000,1488.000000,
26545747.080000,1488.000000,
26565747.080000,1488.000000,
26585747.080000,1488.000000,
26605747.080000,1488.000000,
26625747.080000,1488.000000,
26645747.080000,1488.000000,
26665747.080000,1488.000000,
26685747.080000,1488.000000,
26705747.080000,1488.000000,
26725747.080000,1488.000000,
26745747.080000,1488.000000,
26765747.080000,1488.000000,
26785747.080000,1488.000000,
26805747.080000,1488.000000,
26825747.080000,1488.000000,
26845747.080000,1488.000000,
26865747.080000,1488.000000,
26885747.080000,1488.000000,
26906747.080000,1488.000000,
26926747.080000,1488.000000,
26946747.080000,1488.000000,
26966747.080000,1488.000000,
26986747.080000,1488.000000,
27006747.080000,1488.000000,
27026747.080000,1488.000000,
27046747.080000,1488.000000,
27066747.080000,1488.000000,
27086747.080000,1488.000000,
27106747.080000,1488.000000,
27126747.080000,1488.000000,
27146747.080000,1488.000000,
27166747.080000,1488.000000,
27186747.080000,1488.000000,
27206747.080000,1488.000000,
27226747.080000,1488.000000,
27246747.080000,1488.000000,
27266747.080000,1488.000000,
27286747.080000,1488.000000,
27306747.080000,1488.000000,
27326747.080000,1488.000000,
27346747.080000,1488.000000,
27366747.080000,1488.000000,
27386747.080000,1488.000000,
27406747.080000,1488.000000,
27426747.080000,1488.000000,
27446747.080000,1488.000000,
27466747.080000,1488.000000,
27486747.080000,1488.000000,
27506747.080000,1488.000000,
27526747.080000,1488.000000,
27546747.080000,1488.000000,
27566747.080000,1488.000000,
27586747.080000,1488.000000,
27606747.080000,1488.000000,
27626747.080000,1488.000000,
27646747.080000,1488.000000,
27666747.080000,1488.000000,
27686747.080000,1488.000000,
27706747.080000,1488.000000,
27726747.080000,1488.000000,
27746747.080000,1488.000000,
27766747.080000,1488.000000,
27786747.080000,1488.000000,
27806747.080000,1488.000000,
27826747.080000,1488.000000,
27846747.080000,1488.000000,
27866747.080000,1488.000000,
27886747.080000,1488.000000,
27906747.080000,1488.000000,
27926747.080000,1488.000000,
27946747.080000,1488.000000,
27966747.080000,1488.000000,
27986747.080000,1488.000000,
28006747.080000,1488.000000,
28026747.080000,1488.000000,
28046747.080000,1488.000000,
28066747.080000,1488.000000,
28086747.080000,1488.000000,
28106747.080000,1488.000000,
28126747.080000,1488.000000,
28146747.080000,1488.000000,
28166747.080000,1488.000000,
28186747.080000,1488.000000,
28206747.080000,1488.000000,
28226747.080000,1488.000000,
28246747.080000,1488.000000,
28266747.080000,1488.000000,
28286747.080000,1488.000000,
28306747.080000,1488.000000,
28326747.080000,1488.000000,
28346747.080000,1488.000000,
28366747.080000,1488.000000,
28386747.080000,1488.000000,
28406747.080000,1488.000000,
28426747.080000,1488.000000,
28446747.080000,1488.000000,
28466747.080000,1488.000000,
28486747.080000,1488.000000,
28506747.080000,1488.000000,
28526747.080000,1488.000000,
28546747.080000,1488.000000,
28566747.080000,1488.000000,
28586747.080000,1488.000000,
28606747.080000,1488.000000,
28626747.080000,1488.000000,
28646747.080000,1488.000000,
28666747.080000,1488.000000,
28686747.080000,1488.000000,
28706747.080000,1488.000000,
28726747.080000,1488.000000,
28746747.080000,1488.000000,
28766747.080000,1488.000000,
28786747.080000,1488.000000,
28806747.080000,1488.000000,
28826747.080000,1488.000000,
28846747.080000,1488.000000,
28866747.080000,1488.000000,
28886747.080000,1488.000000,
28906747.080000,1488.000000,
28926747.080000,1488.000000,
28946747.080000,1488.000000,
28966747.080000,1488.000000,
28986747.080000,1488.000000,
29006747.080000,1488.000000,
29026747.080000,1488.000000,
29046747.080000,1488.000000,
29066747.080000,1488.000000,
29086747.080000,1488.000000,
29106747.080000,1488.000000,
29126747.080000,1488.000000,
29146747.080000,1488.000000,
29166747.080000,1488.000000,
29186747.080000,1488.000000,
29206747.080000,1488.000000,
29226747.080000,1488.000000,
29246747.080000,1488.000000,
29266747.080000,1488.000000,
29286747.080000,1488.000000,
29306747.080000,1488.000000,
29326747.080000,1488.000000,
29346747.080000,1488.000000,
29366747.080000,1488.000000,
29386747.080000,1488.000000,
29406747.080000,1488.000000,
29426747.080000,1488.000000,
29446747.080000,1488.000000,
29466747.080000,1488.000000,
29486747.080000,1488.000000,
29506747.080000,1488.000000,
29526747.080000,1488.000000,
29547747.080000,1488.000000,
29567747.080000,1488.000000,
29587747.080000,1488.000000,
29607747.080000,1488.000000,
29627747.080000,1488.000000,
29647747.080000,1488.000000,
29667747.080000,1488.000000,
29687747.080000,1488.000000,
29707747.080000,1488.000000,
29727747.080000,1488.000000,
29747747.080000,1488.000000,
29767747.080000,1488.000000,
29787747.080000,1488.000000,
29807747.080000,1488.000000,
29827747.080000,1488.000000,
29847747.080000,1488.000000,
29867747.080000,1488.000000,
29887747.080000,1488.000000,
29907747.080000,1488.000000,
29927747.080000,1488.000000,
29947747.080000,1488.000000,
29967747.080000,1488.000000,
29987747.080000,1488.000000,
30000010.440000,68.000000,
30000010.440000,68.000000,
30007747.080000,1488.000000,
30027747.080000,1488.000000,
30047747.080000,1488.000000,
30067747.080000,1488.000000,
30087747.080000,1488.000000,
30107747.080000,1488.000000,
30127747.080000,1488.000000,
30147747.080000,1488.000000,
30167747.080000,1488.000000,
30187747.080000,1488.000000,
30207747.080000,1488.000000,
30227747.080000,1488.000000,
30247747.080000,1488.000000,
30267747.080000,1488.000000,
30287747.080000,1488.000000,
30307747.080000,1488.000000,
30327747.080000,1488.000000,
30347747.080000,1488.000000,
30367747.080000,1488.000000,
30387747.080000,1488.000000,
30407747.080000,1488.000000,
30427747.080000,1488.000000,
30447747.080000,1488.000000,
30467747.080000,1488.000000,
30487747.080000,1488.000000,
30507747.080000,1488.000000,
30527747.080000,1488.000000,
30547747.080000,1488.000000,
30567747.080000,1488.000000,
30587747.080000,1488.000000,
30607747.080000,1488.000000,
30627747.080000,1488.000000,
30647747.080000,1488.000000,
30667747.080000,1488.000000,
30687747.080000,1488.000000,
30707747.080000,1488.000000,
30727747.080000,1488.000000,
30747747.080000,1488.000000,
30767747.080000,1488.000000,
30787747.080000,1488.000000,
30807747.080000,1488.000000,
30827747.080000,1488.000000,
30847747.080000,1488.000000,
30867747.080000,1488.000000,
30887747.080000,1488.000000,
30907747.080000,1488.000000,
30927747.080000,1488.000000,
30947747.080000,1488.000000,
30967747.080000,1488.000000,
30987747.080000,1488.000000,
31007747.080000,1488.000000,
31027747.080000,1488.000000,
31047747.080000,1488.000000,
31067747.080000,1488.000000,
31087747.080000,1488.000000,
31107747.080000,1488.000000,
31127747.080000,1488.000000,
31147747.080000,1488.000000,
31167747.080000,1488.000000,
31187747.080000,1488.000000,
31207747.080000,1488.000000,
31227747.080000,1488.000000,
31247747.080000,1488.000000,
31267747.080000,1488.000000,
31287747.080000,1488.000000,
31307747.080000,1488.000000,
31327747.080000,1488.000000,
31347747.080000,1488.000000,
31367747.080000,1488.000000,
31387747.080000,1488.000000,
31407747.080000,1488.000000,
31427747.080000,1488.000000,
31447747.080000,1488.000000,
31467747.080000,1488.000000,
31487747.080000,1488.000000,
31507747.080000,1488.000000,
31527747.080000,1488.000000,
31547747.080000,1488.000000,
31567747.080000,1488.000000,
31587747.080000,1488.000000,
31607747.080000,1488.000000,
31627747.080000,1488.000000,
31647747.080000,1488.000000,
31667747.080000,1488.000000,
31687747.080000,1488.000000,
31707747.080000,1488.000000,
31727747.080000,1488.000000,
31747747.080000,1488.000000,
31767747.080000,1488.000000,
31787747.080000,1488.000000,
31807747.080000,1488.000000,
31827747.080000,1488.000000,
31847747.080000,1488.000000,
31867747.080000,1488.000000,
31887747.080000,1488.000000,
31907747.080000,1488.000000,
31927747.080000,1488.000000,
31947747.080000,1488.000000,
31967747.080000,1488.000000,
31987747.080000,1488.000000,
32007747.080000,1488.000000,
32027747.080000,1488.000000,
32047747.080000,1488.000000,
32067747.080000,1488.000000,
32087747.080000,1488.000000,
32107747.080000,1488.000000,
32127747.080000,1488.000000,
32147747.080000,1488.000000,
32167747.080000,1488.000000,
32187747.080000,1488.000000,
32207747.080000,1488.000000,
32227747.080000,1488.000000,
32247747.080000,1488.000000,
32267747.080000,1488.000000,
32287747.080000,1488.000000,
32307747.080000,1488.000000,
32327747.080000,1488.000000,
32347747.080000,1488.000000,
32367747.080000,1488.000000,
32387747.080000,1488.000000,
32407747.080000,1488.000000,
32427747.080000,1488.000000,
32447747.080000,1488.000000,
32467747.080000,1488.000000,
32487747.080000,1488.000000,
32507747.080000,1488.000000,
32527747.080000,1488.000000,
32547747.080000,1488.000000,
32567747.080000,1488.000000,
32587747.080000,1488.000000,
32607747.080000,1488.000000,
32627747.080000,1488.000000,
32647747.080000,1488.000000,
32667747.080000,1488.000000,
32687747.080000,1488.000000,
32707747.080000,1488.000000,
32727747.080000,1488.000000,
32747747.080000,1488.000000,
32767747.080000,1488.000000,
32787747.080000,1488.000000,
32807747.080000,1488.000000,
32827747.080000,1488.000000,
32847747.080000,1488.000000,
32867747.080000,1488.000000,
32887747.080000,1488.000000,
32907747.080000,1488.000000,
32927747.080000,1488.000000,
32947747.080000,1488.000000,
32967747.080000,1488.000000,
32987747.080000,1488.000000,
33007747.080000,1488.000000,
33027747.080000,1488.000000,
33047747.080000,1488.000000,
33067747.080000,1488.000000,
33087747.080000,1488.000000,
33107747.080000,1488.000000,
33127747.080000,1488.000000,
33147747.080000,1488.000000,
33167747.080000,1488.000000,
33190747.080000,1488.000000,
33210747.080000,1488.000000,
33230747.080000,1488.000000,
33250747.080000,1488.000000,
33270747.080000,1488.000000,
33290747.080000,1488.000000,
33310747.080000,1488.000000,
33330747.080000,1488.000000,
33350747.080000,1488.000000,
33370747.080000,1488.000000,
33390747.080000,1488.000000,
33410747.080000,1488.000000,
33430747.080000,1488.000000,
33450747.080000,1488.000000,
33470747.080000,1488.000000,
33490747.080000,1488.000000,
33510747.080000,1488.000000,
33530747.080000,1488.000000,
33550747.080000,1488.000000,
33570747.080000,1488.000000,
33590747.080000,1488.000000,
33610747.080000,1488.000000,
33630747.080000,1488.000000,
33650747.080000,1488.000000,
33670747.080000,1488.000000,
33690747.080000,1488.000000,
33710747.080000,1488.000000,
33730747.080000,1488.000000,
33750747.080000,1488.000000,
33770747.080000,1488.000000,
33790747.080000,1488.000000,
33810747.080000,1488.000000,
33830747.080000,1488.000000,
33850747.080000,1488.000000,
33870747.080000,1488.000000,
33890747.080000,1488.000000,
33910747.080000,1488.000000,
33930747.080000,1488.000000,
33950747.080000,1488.000000,
33970747.080000,1488.000000,
33990747.080000,1488.000000,
34010747.080000,1488.000000,
34030747.080000,1488.000000,
34050747.080000,1488.000000,
34070747.080000,1488.000000,
34090747.080000,1488.000000,
34110747.080000,1488.000000,
34130747.080000,1488.000000,
34150747.080000,1488.000000,
34170747.080000,1488.000000,
34190747.080000,1488.000000,
34210747.080000,1488.000000,
34230747.080000,1488.000000,
34250747.080000,1488.000000,
34270747.080000,1488.000000,
34290747.080000,1488.000000,
34310747.080000,1488.000000,
34330747.080000,1488.000000,
34350747.080000,1488.000000,
34370747.080000,1488.000000,
34390747.080000,1488.000000,
34410747.080000,1488.000000,
34430747.080000,1488.000000,
34450747.080000,1488.000000,
34470747.080000,1488.000000,
34490747.080000,1488.000000,
34510747.080000,1488.000000,
34530747.080000,1488.000000,
34550747.080000,1488.000000,
34570747.080000,1488.000000,
34590747.080000,1488.000000,
34610747.080000,1488.000000,
34630747.080000,1488.000000,
34650747.080000,1488.000000,
34670747.080000,1488.000000,
34690747.080000,1488.000000,
34710747.080000,1488.000000,
34730747.080000,1488.000000,
34750747.080000,1488.000000,
34770747.080000,1488.000000,
34790747.080000,1488.000000,
34810747.080000,1488.000000,
34830747.080000,1488.000000,
34850747.080000,1488.000000,
34870747.080000,1488.000000,
34890747.080000,1488.000000,
34910747.080000,1488.000000,
34930747.080000,1488.000000,
34950747.080000,1488.000000,
34970747.080000,1488.000000,
34990747.080000,1488.000000,
35010747.080000,1488.000000,
35030747.080000,1488.000000,
35050747.080000,1488.000000,
35070747.080000,1488.000000,
35090747.080000,1488.000000,
35110747.080000,1488.000000,
35130747.080000,1488.000000,
35150747.080000,1488.000000,
35170747.080000,1488.000000,
35190747.080000,1488.000000,
35210747.080000,1488.000000,
35230747.080000,1488.000000,
35250747.080000,1488.000000,
35270747.080000,1488.000000,
35290747.080000,1488.000000,
35310747.080000,1488.000000,
35330747.080000,1488.000000,
35350747.080000,1488.000000,
35370747.080000,1488.000000,
35390747.080000,1488.000000,
35410747.080000,1488.000000,
35430747.080000,1488.000000,
35450747.080000,1488.000000,
35470747.080000,1488.000000,
35490747.080000,1488.000000,
35510747.080000,1488.000000,
35530747.080000,1488.000000,
35550747.080000,1488.000000,
35570747.080000,1488.000000,
35590747.080000,1488.000000,
35610747.080000,1488.000000,
35630747.080000,1488.000000,
35650747.080000,1488.000000,
35670747.080000,1488.000000,
35690747.080000,1488.000000,
35710747.080000,1488.000000,
35730747.080000,1488.000000,
35750747.080000,1488.000000,
35770747.080000,1488.000000,
35790747.080000,1488.000000,
35810747.080000,1488.000000,
35830747.080000,1488.000000,
35850747.080000,1488.000000,
35870747.080000,1488.000000,
35890747.080000,1488.000000,
35910747.080000,1488.000000,
35930747.080000,1488.000000,
35950747.080000,1488.000000,
35970747.080000,1488.000000,
35990747.080000,1488.000000,
36010747.080000,1488.000000,
36030747.080000,1488.000000,
36050747.080000,1488.000000,
36070747.080000,1488.000000,
36090747.080000,1488.000000,
36110747.080000,1488.000000,
36130747.080000,1488.000000,
36150747.080000,1488.000000,
36170747.080000,1488.000000,
36190747.080000,1488.000000,
36210747.080000,1488.000000,
36230747.080000,1488.000000,
36250747.080000,1488.000000,
36270747.080000,1488.000000,
36290747.080000,1488.000000,
36310747.080000,1488.000000,
36330747.080000,1488.000000,
36350747.080000,1488.000000,
36370747.080000,1488.000000,
36390747.080000,1488.000000,
36410747.080000,1488.000000,
36430747.080000,1488.000000,
36450747.080000,1488.000000,
36470747.080000,1488.000000,
36490747.080000,1488.000000,
36510747.080000,1488.000000,
36530747.080000,1488.000000,
36550747.080000,1488.000000,
36570747.080000,1488.000000,
36590747.080000,1488.000000,
36610747.080000,1488.000000,
36630747.080000,1488.000000,
36650747.080000,1488.000000,
36670747.080000,1488.000000,
36690747.080000,1488.000000,
36710747.080000,1488.000000,
36730747.080000,1488.000000,
36750747.080000,1488.000000,
36770747.080000,1488.000000,
36790747.080000,1488.000000,
36810747.080000,1488.000000,
36830747.080000,1488.000000,
36850747.080000,1488.000000,
36870747.080000,1488.000000,
36890747.080000,1488.000000,
36910747.080000,1488.000000,
36930747.080000,1488.000000,
36950747.080000,1488.000000,
36970747.080000,1488.000000,
36990747.080000,1488.000000,
37010747.080000,1488.000000,
37030747.080000,1488.000000,
37050747.080000,1488.000000,
37070747.080000,1488.000000,
37090747.080000,1488.000000,
37110747.080000,1488.000000,
37130747.080000,1488.000000,
37150747.080000,1488.000000,
37170747.080000,1488.000000,
37190747.080000,1488.000000,
37210747.080000,1488.000000,
37230747.080000,1488.000000,
37250747.080000,1488.000000,
37270747.080000,1488.000000,
37290747.080000,1488.000000,
37310747.080000,1488.000000,
37330747.080000,1488.000000,
37350747.080000,1488.000000,
37370747.080000,1488.000000,
37390747.080000,1488.000000,
37410747.080000,1488.000000,
37430747.080000,1488.000000,
37450747.080000,1488.000000,
37470747.080000,1488.000000,
37490747.080000,1488.000000,
37510747.080000,1488.000000,
37530747.080000,1488.000000,
37550747.080000,1488.000000,
37570747.080000,1488.000000,
37590747.080000,1488.000000,
37610747.080000,1488.000000,
37630747.080000,1488.000000,
37650747.080000,1488.000000,
37670747.080000,1488.000000,
37690747.080000,1488.000000,
37710747.080000,1488.000000,
37730747.080000,1488.000000,
37750747.080000,1488.000000,
37770747.080000,1488.000000,
37790747.080000,1488.000000,
37830747.080000,1488.000000,
37850747.080000,1488.000000,
37870747.080000,1488.000000,
37890747.080000,1488.000000,
37910747.080000,1488.000000,
37930747.080000,1488.000000,
37954747.080000,1488.000000,
37974747.080000,1488.000000,
37994747.080000,1488.000000,
38014747.080000,1488.000000,
38034747.080000,1488.000000,
38054747.080000,1488.000000,
38074747.080000,1488.000000,
38094747.080000,1488.000000,
38114747.080000,1488.000000,
38134747.080000,1488.000000,
38154747.080000,1488.000000,
38174747.080000,1488.000000,
38194747.080000,1488.000000,
38214747.080000,1488.000000,
38234747.080000,1488.000000,
38254747.080000,1488.000000,
38274747.080000,1488.000000,
38294747.080000,1488.000000,
38314747.080000,1488.000000,
38334747.080000,1488.000000,
38354747.080000,1488.000000,
38374747.080000,1488.000000,
38394747.080000,1488.000000,
38414747.080000,1488.000000,
38434747.080000,1488.000000,
38454747.080000,1488.000000,
38474747.080000,1488.000000,
38494747.080000,1488.000000,
38514747.080000,1488.000000,
38534747.080000,1488.000000,
38554747.080000,1488.000000,
38574747.080000,1488.000000,
38594747.080000,1488.000000,
38614747.080000,1488.000000,
38634747.080000,1488.000000,
38654747.080000,1488.000000,
38674747.080000,1488.000000,
38694747.080000,1488.000000,
38714747.080000,1488.000000,
38734747.080000,1488.000000,
38754747.080000,1488.000000,
38774747.080000,1488.000000,
38794747.080000,1488.000000,
38814747.080000,1488.000000,
38834747.080000,1488.000000,
38854747.080000,1488.000000,
38874747.080000,1488.000000,
38894747.080000,1488.000000,
38914747.080000,1488.000000,
38934747.080000,1488.000000,
38954747.080000,1488.000000,
38974747.080000,1488.000000,
38994747.080000,1488.000000,
39014747.080000,1488.000000,
39034747.080000,1488.000000,
39054747.080000,1488.000000,
39074747.080000,1488.000000,
39094747.080000,1488.000000,
39114747.080000,1488.000000,
39134747.080000,1488.000000,
39154747.080000,1488.000000,
39174747.080000,1488.000000,
39194747.080000,1488.000000,
39214747.080000,1488.000000,
39234747.080000,1488.000000,
39254747.080000,1488.000000,
39274747.080000,1488.000000,
39294747.080000,1488.000000,
39314747.080000,1488.000000,
39334747.080000,1488.000000,
39354747.080000,1488.000000,
39374747.080000,1488.000000,
39394747.080000,1488.000000,
39414747.080000,1488.000000,
39434747.080000,1488.000000,
39454747.080000,1488.000000,
39474747.080000,1488.000000,
39494747.080000,1488.000000,
39514747.080000,1488.000000,
39534747.080000,1488.000000,
39554747.080000,1488.000000,
39574747.080000,1488.000000,
39594747.080000,1488.000000,
39614747.080000,1488.000000,
39634747.080000,1488.000000,
39654747.080000,1488.000000,
39674747.080000,1488.000000,
39694747.080000,1488.000000,
39714747.080000,1488.000000,
39734747.080000,1488.000000,
39754747.080000,1488.000000,
39774747.080000,1488.000000,
39794747.080000,1488.000000,
39814747.080000,1488.000000,
39834747.080000,1488.000000,
39854747.080000,1488.000000,
39874747.080000,1488.000000,
39894747.080000,1488.000000,
39914747.080000,1488.000000,
39934747.080000,1488.000000,
39954747.080000,1488.000000,
39974747.080000,1488.000000,
39994747.080000,1488.000000,
40000010.440000,68.000000,
40000010.440000,68.000000,
40014747.080000,1488.000000,
40034747.080000,1488.000000,
40054747.080000,1488.000000,
40074747.080000,1488.000000,
40094747.080000,1488.000000,
40114747.080000,1488.000000,
40134747.080000,1488.000000,
40154747.080000,1488.000000,
40174747.080000,1488.000000,
40194747.080000,1488.000000,
40214747.080000,1488.000000,
40234747.080000,1488.000000,
40254747.080000,1488.000000,
40274747.080000,1488.000000,
40294747.080000,1488.000000,
40314747.080000,1488.000000,
40334747.080000,1488.000000,
40354747.080000,1488.000000,
40374747.080000,1488.000000,
40394747.080000,1488.000000,
40414747.080000,1488.000000,
40434747.080000,1488.000000,
40454747.080000,1488.000000,
40474747.080000,1488.000000,
40494747.080000,1488.000000,
40514747.080000,1488.000000,
40534747.080000,1488.000000,
40554747.080000,1488.000000,
40574747.080000,1488.000000,
40594747.080000,1488.000000,
40614747.080000,1488.000000,
40634747.080000,1488.000000,
40654747.080000,1488.000000,
40674747.080000,1488.000000,
40694747.080000,1488.000000,
40714747.080000,1488.000000,
40734747.080000,1488.000000,
40754747.080000,1488.000000,
40774747.080000,1488.000000,
40794747.080000,1488.000000,
40814747.080000,1488.000000,
40834747.080000,1488.000000,
40854747.080000,1488.000000,
40874747.080000,1488.000000,
40894747.080000,1488.000000,
40914747.080000,1488.000000,
40934747.080000,1488.000000,
40954747.080000,1488.000000,
40974747.080000,1488.000000,
40994747.080000,1488.000000,
41014747.080000,1488.000000,
41034747.080000,1488.000000,
41054747.080000,1488.000000,
41074747.080000,1488.000000,
41094747.080000,1488.000000,
41114747.080000,1488.000000,
41134747.080000,1488.000000,
41154747.080000,1488.000000,
41174747.080000,1488.000000,
41194747.080000,1488.000000,
41214747.080000,1488.000000,
41234747.080000,1488.000000,
41254747.080000,1488.000000,
41274747.080000,1488.000000,
41294747.080000,1488.000000,
41314747.080000,1488.000000,
41334747.080000,1488.000000,
41354747.080000,1488.000000,
41374747.080000,1488.000000,
41394747.080000,1488.000000,
41414747.080000,1488.000000,
41434747.080000,1488.000000,
41454747.080000,1488.000000,
41474747.080000,1488.000000,
41494747.080000,1488.000000,
41514747.080000,1488.000000,
41534747.080000,1488.000000,
41554747.080000,1488.000000,
41574747.080000,1488.000000,
41594747.080000,1488.000000,
41614747.080000,1488.000000,
41634747.080000,1488.000000,
41654747.080000,1488.000000,
41674747.080000,1488.000000,
41694747.080000,1488.000000,
41714747.080000,1488.000000,
41734747.080000,1488.000000,
41754747.080000,1488.000000,
41774747.080000,1488.000000,
41794747.080000,1488.000000,
41814747.080000,1488.000000,
41834747.080000,1488.000000,
41854747.080000,1488.000000,
41874747.080000,1488.000000,
41894747.080000,1488.000000,
41914747.080000,1488.000000,
41934747.080000,1488.000000,
41954747.080000,1488.000000,
41974747.080000,1488.000000,
41994747.080000,1488.000000,
42014747.080000,1488.000000,
42034747.080000,1488.000000,
42054747.080000,1488.000000,
42074747.080000,1488.000000,
42094747.080000,1488.000000,
42114747.080000,1488.000000,
42134747.080000,1488.000000,
42154747.080000,1488.000000,
42174747.080000,1488.000000,
42194747.080000,1488.000000,
42214747.080000,1488.000000,
42234747.080000,1488.000000,
42254747.080000,1488.000000,
42274747.080000,1488.000000,
42294747.080000,1488.000000,
42314747.080000,1488.000000,
42334747.080000,1488.000000,
42354747.080000,1488.000000,
42374747.080000,1488.000000,
42394747.080000,1488.000000,
42414747.080000,1488.000000,
42434747.080000,1488.000000,
42454747.080000,1488.000000,
42474747.080000,1488.000000,
42494747.080000,1488.000000,
42514747.080000,1488.000000,
42534747.080000,1488.000000,
42554747.080000,1488.000000,
42574747.080000,1488.000000,
42594747.080000,1488.000000,
42614747.080000,1488.000000,
42634747.080000,1488.000000,
42654747.080000,1488.000000,
42674747.080000,1488.000000,
42694747.080000,1488.000000,
42714747.080000,1488.000000,
42734747.080000,1488.000000,
42754747.080000,1488.000000,
42774747.080000,1488.000000,
42794747.080000,1488.000000,
42814747.080000,1488.000000,
42834747.080000,1488.000000,
42854747.080000,1488.000000,
42874747.080000,1488.000000,
42894747.080000,1488.000000,
42914747.080000,1488.000000,
42934747.080000,1488.000000,
42954747.080000,1488.000000,
42974747.080000,1488.000000,
42994747.080000,1488.000000,
43014747.080000,1488.000000,
43034747.080000,1488.000000,
43054747.080000,1488.000000,
43074747.080000,1488.000000,
43094747.080000,1488.000000,
43114747.080000,1488.000000,
43134747.080000,1488.000000,
43154747.080000,1488.000000,
43174747.080000,1488.000000,
43194747.080000,1488.000000,
50000010.440000,68.000000,
50000010.440000,68.000000,
60000010.440000,68.000000,
60000010.440000,68.000000,
70000010.440000,68.000000,
70000010.440000,68.000000,
80000010.440000,68.000000,
80000010.440000,68.000000,
90000010.440000,68.000000,
90000010.440000,68.000000,
