THROUGHPUT_PLOT
Link_1_Throughput (Bi-directional Aggregated)
102873.200000,1514.000000,
122873.200000,1514.000000,
142873.200000,1514.000000,
162873.200000,1514.000000,
182873.200000,1514.000000,
202873.200000,1514.000000,
222873.200000,1514.000000,
242873.200000,1514.000000,
262873.200000,1514.000000,
282873.200000,1514.000000,
302873.200000,1514.000000,
322873.200000,1514.000000,
342873.200000,1514.000000,
362873.200000,1514.000000,
382873.200000,1514.000000,
402873.200000,1514.000000,
422873.200000,1514.000000,
442873.200000,1514.000000,
482873.200000,1514.000000,
502873.200000,1514.000000,
522873.200000,1514.000000,
542873.200000,1514.000000,
562873.200000,1514.000000,
582873.200000,1514.000000,
602873.200000,1514.000000,
622873.200000,1514.000000,
642873.200000,1514.000000,
662873.200000,1514.000000,
682873.200000,1514.000000,
702873.200000,1514.000000,
722873.200000,1514.000000,
742873.200000,1514.000000,
762873.200000,1514.000000,
782873.200000,1514.000000,
802873.200000,1514.000000,
822873.200000,1514.000000,
842873.200000,1514.000000,
862873.200000,1514.000000,
882873.200000,1514.000000,
902873.200000,1514.000000,
922873.200000,1514.000000,
942873.200000,1514.000000,
962873.200000,1514.000000,
982873.200000,1514.000000,
1002873.200000,1514.000000,
1022873.200000,1514.000000,
1042873.200000,1514.000000,
1062873.200000,1514.000000,
1082873.200000,1514.000000,
1102873.200000,1514.000000,
1122873.200000,1514.000000,
1142873.200000,1514.000000,
1162873.200000,1514.000000,
1182873.200000,1514.000000,
1202873.200000,1514.000000,
1222873.200000,1514.000000,
1242873.200000,1514.000000,
1262873.200000,1514.000000,
1282873.200000,1514.000000,
1302873.200000,1514.000000,
1322873.200000,1514.000000,
1342873.200000,1514.000000,
1382873.200000,1514.000000,
1402873.200000,1514.000000,
1422873.200000,1514.000000,
1442873.200000,1514.000000,
1462873.200000,1514.000000,
1482873.200000,1514.000000,
1502873.200000,1514.000000,
1522873.200000,1514.000000,
1542873.200000,1514.000000,
1562873.200000,1514.000000,
1582873.200000,1514.000000,
1602873.200000,1514.000000,
1622873.200000,1514.000000,
1642873.200000,1514.000000,
1662873.200000,1514.000000,
1682873.200000,1514.000000,
1702873.200000,1514.000000,
1722873.200000,1514.000000,
1742873.200000,1514.000000,
1762873.200000,1514.000000,
1782873.200000,1514.000000,
1802873.200000,1514.000000,
1822873.200000,1514.000000,
1842873.200000,1514.000000,
1862873.200000,1514.000000,
1882873.200000,1514.000000,
1902873.200000,1514.000000,
1922873.200000,1514.000000,
1942873.200000,1514.000000,
1962873.200000,1514.000000,
1982873.200000,1514.000000,
2002873.200000,1514.000000,
2022873.200000,1514.000000,
2042873.200000,1514.000000,
2062873.200000,1514.000000,
2082873.200000,1514.000000,
2102873.200000,1514.000000,
2122873.200000,1514.000000,
2142873.200000,1514.000000,
2162873.200000,1514.000000,
2182873.200000,1514.000000,
2202873.200000,1514.000000,
2222873.200000,1514.000000,
2242873.200000,1514.000000,
2262873.200000,1514.000000,
2282873.200000,1514.000000,
2302873.200000,1514.000000,
2322873.200000,1514.000000,
2342873.200000,1514.000000,
2362873.200000,1514.000000,
2382873.200000,1514.000000,
2402873.200000,1514.000000,
2422873.200000,1514.000000,
2442873.200000,1514.000000,
2462873.200000,1514.000000,
2482873.200000,1514.000000,
2502873.200000,1514.000000,
2522873.200000,1514.000000,
2542873.200000,1514.000000,
2562873.200000,1514.000000,
2582873.200000,1514.000000,
2602873.200000,1514.000000,
2622873.200000,1514.000000,
2642873.200000,1514.000000,
2662873.200000,1514.000000,
2682873.200000,1514.000000,
2702873.200000,1514.000000,
2722873.200000,1514.000000,
2742873.200000,1514.000000,
2762873.200000,1514.000000,
2782873.200000,1514.000000,
2802873.200000,1514.000000,
2822873.200000,1514.000000,
2842873.200000,1514.000000,
2862873.200000,1514.000000,
2882873.200000,1514.000000,
2902873.200000,1514.000000,
2922873.200000,1514.000000,
2942873.200000,1514.000000,
2962873.200000,1514.000000,
2982873.200000,1514.000000,
3002873.200000,1514.000000,
3022873.200000,1514.000000,
3042873.200000,1514.000000,
3062873.200000,1514.000000,
3082873.200000,1514.000000,
3102873.200000,1514.000000,
3122873.200000,1514.000000,
3142873.200000,1514.000000,
3162873.200000,1514.000000,
3182873.200000,1514.000000,
3202873.200000,1514.000000,
3222873.200000,1514.000000,
3242873.200000,1514.000000,
3262873.200000,1514.000000,
3282873.200000,1514.000000,
3302873.200000,1514.000000,
3322873.200000,1514.000000,
3342873.200000,1514.000000,
3362873.200000,1514.000000,
3382873.200000,1514.000000,
3402873.200000,1514.000000,
3422873.200000,1514.000000,
3442873.200000,1514.000000,
3462873.200000,1514.000000,
3482873.200000,1514.000000,
3502873.200000,1514.000000,
3522873.200000,1514.000000,
3542873.200000,1514.000000,
3562873.200000,1514.000000,
3582873.200000,1514.000000,
3602873.200000,1514.000000,
3622873.200000,1514.000000,
3642873.200000,1514.000000,
3662873.200000,1514.000000,
3682873.200000,1514.000000,
3702873.200000,1514.000000,
3722873.200000,1514.000000,
3742873.200000,1514.000000,
3762873.200000,1514.000000,
3782873.200000,1514.000000,
3802873.200000,1514.000000,
3822873.200000,1514.000000,
3842873.200000,1514.000000,
3862873.200000,1514.000000,
3882873.200000,1514.000000,
3902873.200000,1514.000000,
3922873.200000,1514.000000,
3942873.200000,1514.000000,
3962873.200000,1514.000000,
3982873.200000,1514.000000,
4002873.200000,1514.000000,
4022873.200000,1514.000000,
4042873.200000,1514.000000,
4062873.200000,1514.000000,
4082873.200000,1514.000000,
4102873.200000,1514.000000,
4122873.200000,1514.000000,
4142873.200000,1514.000000,
4162873.200000,1514.000000,
4182873.200000,1514.000000,
4202873.200000,1514.000000,
4222873.200000,1514.000000,
4242873.200000,1514.000000,
4262873.200000,1514.000000,
4282873.200000,1514.000000,
4302873.200000,1514.000000,
4322873.200000,1514.000000,
4342873.200000,1514.000000,
4362873.200000,1514.000000,
4382873.200000,1514.000000,
4402873.200000,1514.000000,
4422873.200000,1514.000000,
4442873.200000,1514.000000,
4462873.200000,1514.000000,
4482873.200000,1514.000000,
4502873.200000,1514.000000,
4522873.200000,1514.000000,
4542873.200000,1514.000000,
4562873.200000,1514.000000,
4582873.200000,1514.000000,
4602873.200000,1514.000000,
4622873.200000,1514.000000,
4642873.200000,1514.000000,
4662873.200000,1514.000000,
4682873.200000,1514.000000,
4702873.200000,1514.000000,
4722873.200000,1514.000000,
4742873.200000,1514.000000,
4762873.200000,1514.000000,
4782873.200000,1514.000000,
4802873.200000,1514.000000,
4822873.200000,1514.000000,
4842873.200000,1514.000000,
4862873.200000,1514.000000,
4882873.200000,1514.000000,
4902873.200000,1514.000000,
4922873.200000,1514.000000,
4942873.200000,1514.000000,
4962873.200000,1514.000000,
4982873.200000,1514.000000,
5002873.200000,1514.000000,
5022873.200000,1514.000000,
5042873.200000,1514.000000,
5062873.200000,1514.000000,
5082873.200000,1514.000000,
5102873.200000,1514.000000,
5122873.200000,1514.000000,
5142873.200000,1514.000000,
5162873.200000,1514.000000,
5182873.200000,1514.000000,
5202873.200000,1514.000000,
5222873.200000,1514.000000,
5242873.200000,1514.000000,
5262873.200000,1514.000000,
5282873.200000,1514.000000,
5302873.200000,1514.000000,
5322873.200000,1514.000000,
5342873.200000,1514.000000,
5362873.200000,1514.000000,
5382873.200000,1514.000000,
5402873.200000,1514.000000,
5422873.200000,1514.000000,
5442873.200000,1514.000000,
5462873.200000,1514.000000,
5482873.200000,1514.000000,
5502873.200000,1514.000000,
5522873.200000,1514.000000,
5542873.200000,1514.000000,
5562873.200000,1514.000000,
5582873.200000,1514.000000,
5602873.200000,1514.000000,
5622873.200000,1514.000000,
5642873.200000,1514.000000,
5662873.200000,1514.000000,
5682873.200000,1514.000000,
5702873.200000,1514.000000,
5722873.200000,1514.000000,
5742873.200000,1514.000000,
5762873.200000,1514.000000,
5782873.200000,1514.000000,
5802873.200000,1514.000000,
5822873.200000,1514.000000,
5842873.200000,1514.000000,
5862873.200000,1514.000000,
5882873.200000,1514.000000,
5902873.200000,1514.000000,
5922873.200000,1514.000000,
5942873.200000,1514.000000,
5962873.200000,1514.000000,
5982873.200000,1514.000000,
6002873.200000,1514.000000,
6022873.200000,1514.000000,
6042873.200000,1514.000000,
6062873.200000,1514.000000,
6082873.200000,1514.000000,
6102873.200000,1514.000000,
6122873.200000,1514.000000,
6142873.200000,1514.000000,
6162873.200000,1514.000000,
6182873.200000,1514.000000,
6202873.200000,1514.000000,
6223873.200000,1514.000000,
6243873.200000,1514.000000,
6263873.200000,1514.000000,
6283873.200000,1514.000000,
6303873.200000,1514.000000,
6323873.200000,1514.000000,
6343873.200000,1514.000000,
6363873.200000,1514.000000,
6383873.200000,1514.000000,
6403873.200000,1514.000000,
6423873.200000,1514.000000,
6443873.200000,1514.000000,
6463873.200000,1514.000000,
6483873.200000,1514.000000,
6503873.200000,1514.000000,
6523873.200000,1514.000000,
6543873.200000,1514.000000,
6563873.200000,1514.000000,
6583873.200000,1514.000000,
6603873.200000,1514.000000,
6623873.200000,1514.000000,
6643873.200000,1514.000000,
6663873.200000,1514.000000,
6683873.200000,1514.000000,
6703873.200000,1514.000000,
6723873.200000,1514.000000,
6743873.200000,1514.000000,
6763873.200000,1514.000000,
6783873.200000,1514.000000,
6803873.200000,1514.000000,
6823873.200000,1514.000000,
6843873.200000,1514.000000,
6863873.200000,1514.000000,
6883873.200000,1514.000000,
6903873.200000,1514.000000,
6923873.200000,1514.000000,
6943873.200000,1514.000000,
6963873.200000,1514.000000,
6983873.200000,1514.000000,
7003873.200000,1514.000000,
7023873.200000,1514.000000,
7043873.200000,1514.000000,
7063873.200000,1514.000000,
7083873.200000,1514.000000,
7103873.200000,1514.000000,
7123873.200000,1514.000000,
7143873.200000,1514.000000,
7163873.200000,1514.000000,
7183873.200000,1514.000000,
7203873.200000,1514.000000,
7223873.200000,1514.000000,
7243873.200000,1514.000000,
7263873.200000,1514.000000,
7283873.200000,1514.000000,
7303873.200000,1514.000000,
7323873.200000,1514.000000,
7343873.200000,1514.000000,
7363873.200000,1514.000000,
7383873.200000,1514.000000,
7403873.200000,1514.000000,
7443873.200000,1514.000000,
7463873.200000,1514.000000,
7483873.200000,1514.000000,
7503873.200000,1514.000000,
7523873.200000,1514.000000,
7543873.200000,1514.000000,
7563873.200000,1514.000000,
7583873.200000,1514.000000,
7603873.200000,1514.000000,
7623873.200000,1514.000000,
7643873.200000,1514.000000,
7663873.200000,1514.000000,
7683873.200000,1514.000000,
7703873.200000,1514.000000,
7723873.200000,1514.000000,
7743873.200000,1514.000000,
7763873.200000,1514.000000,
7783873.200000,1514.000000,
7803873.200000,1514.000000,
7823873.200000,1514.000000,
7843873.200000,1514.000000,
7863873.200000,1514.000000,
7883873.200000,1514.000000,
7903873.200000,1514.000000,
7923873.200000,1514.000000,
7943873.200000,1514.000000,
7963873.200000,1514.000000,
7983873.200000,1514.000000,
8003873.200000,1514.000000,
8023873.200000,1514.000000,
8043873.200000,1514.000000,
8063873.200000,1514.000000,
8083873.200000,1514.000000,
8103873.200000,1514.000000,
8123873.200000,1514.000000,
8143873.200000,1514.000000,
8163873.200000,1514.000000,
8183873.200000,1514.000000,
8203873.200000,1514.000000,
8223873.200000,1514.000000,
8243873.200000,1514.000000,
8263873.200000,1514.000000,
8283873.200000,1514.000000,
8303873.200000,1514.000000,
8323873.200000,1514.000000,
8343873.200000,1514.000000,
8363873.200000,1514.000000,
8383873.200000,1514.000000,
8403873.200000,1514.000000,
8423873.200000,1514.000000,
8443873.200000,1514.000000,
8463873.200000,1514.000000,
8483873.200000,1514.000000,
8503873.200000,1514.000000,
8523873.200000,1514.000000,
8543873.200000,1514.000000,
8563873.200000,1514.000000,
8583873.200000,1514.000000,
8603873.200000,1514.000000,
8623873.200000,1514.000000,
8643873.200000,1514.000000,
8663873.200000,1514.000000,
8683873.200000,1514.000000,
8703873.200000,1514.000000,
8723873.200000,1514.000000,
8763873.200000,1514.000000,
8783873.200000,1514.000000,
8803873.200000,1514.000000,
8823873.200000,1514.000000,
8843873.200000,1514.000000,
8863873.200000,1514.000000,
8883873.200000,1514.000000,
8903873.200000,1514.000000,
8923873.200000,1514.000000,
8943873.200000,1514.000000,
8963873.200000,1514.000000,
8983873.200000,1514.000000,
9003873.200000,1514.000000,
9023873.200000,1514.000000,
9043873.200000,1514.000000,
9063873.200000,1514.000000,
9083873.200000,1514.000000,
9103873.200000,1514.000000,
9123873.200000,1514.000000,
9143873.200000,1514.000000,
9163873.200000,1514.000000,
9183873.200000,1514.000000,
9203873.200000,1514.000000,
9223873.200000,1514.000000,
9243873.200000,1514.000000,
9263873.200000,1514.000000,
9283873.200000,1514.000000,
9303873.200000,1514.000000,
9323873.200000,1514.000000,
9343873.200000,1514.000000,
9363873.200000,1514.000000,
9383873.200000,1514.000000,
9403873.200000,1514.000000,
9423873.200000,1514.000000,
9443873.200000,1514.000000,
9463873.200000,1514.000000,
9483873.200000,1514.000000,
9503873.200000,1514.000000,
9523873.200000,1514.000000,
9543873.200000,1514.000000,
9563873.200000,1514.000000,
9583873.200000,1514.000000,
9603873.200000,1514.000000,
9623873.200000,1514.000000,
9643873.200000,1514.000000,
9663873.200000,1514.000000,
9683873.200000,1514.000000,
9703873.200000,1514.000000,
9723873.200000,1514.000000,
9743873.200000,1514.000000,
9763873.200000,1514.000000,
9783873.200000,1514.000000,
9803873.200000,1514.000000,
9823873.200000,1514.000000,
9843873.200000,1514.000000,
9863873.200000,1514.000000,
9883873.200000,1514.000000,
9903873.200000,1514.000000,
9923873.200000,1514.000000,
9943873.200000,1514.000000,
9963873.200000,1514.000000,
9983873.200000,1514.000000,
10003873.200000,1514.000000,
10023873.200000,1514.000000,
10043873.200000,1514.000000,
10063873.200000,1514.000000,
10083873.200000,1514.000000,
10103873.200000,1514.000000,
10123873.200000,1514.000000,
10143873.200000,1514.000000,
10163873.200000,1514.000000,
10183873.200000,1514.000000,
10203873.200000,1514.000000,
10223873.200000,1514.000000,
10243873.200000,1514.000000,
10263873.200000,1514.000000,
10283873.200000,1514.000000,
10303873.200000,1514.000000,
10323873.200000,1514.000000,
10343873.200000,1514.000000,
10363873.200000,1514.000000,
10383873.200000,1514.000000,
10403873.200000,1514.000000,
10423873.200000,1514.000000,
10443873.200000,1514.000000,
10463873.200000,1514.000000,
10483873.200000,1514.000000,
10503873.200000,1514.000000,
10523873.200000,1514.000000,
10543873.200000,1514.000000,
10563873.200000,1514.000000,
10583873.200000,1514.000000,
10603873.200000,1514.000000,
10623873.200000,1514.000000,
10643873.200000,1514.000000,
10663873.200000,1514.000000,
10683873.200000,1514.000000,
10703873.200000,1514.000000,
10723873.200000,1514.000000,
10743873.200000,1514.000000,
10763873.200000,1514.000000,
10783873.200000,1514.000000,
10803873.200000,1514.000000,
10823873.200000,1514.000000,
10843873.200000,1514.000000,
10863873.200000,1514.000000,
10883873.200000,1514.000000,
10903873.200000,1514.000000,
10923873.200000,1514.000000,
10943873.200000,1514.000000,
10963873.200000,1514.000000,
10983873.200000,1514.000000,
11003873.200000,1514.000000,
11023873.200000,1514.000000,
11043873.200000,1514.000000,
11063873.200000,1514.000000,
11083873.200000,1514.000000,
11103873.200000,1514.000000,
11123873.200000,1514.000000,
11143873.200000,1514.000000,
11163873.200000,1514.000000,
11184873.200000,1514.000000,
11204873.200000,1514.000000,
11224873.200000,1514.000000,
11244873.200000,1514.000000,
11264873.200000,1514.000000,
11284873.200000,1514.000000,
11304873.200000,1514.000000,
11324873.200000,1514.000000,
11344873.200000,1514.000000,
11364873.200000,1514.000000,
11384873.200000,1514.000000,
11404873.200000,1514.000000,
11424873.200000,1514.000000,
11444873.200000,1514.000000,
11464873.200000,1514.000000,
11484873.200000,1514.000000,
11504873.200000,1514.000000,
11524873.200000,1514.000000,
11544873.200000,1514.000000,
11564873.200000,1514.000000,
11584873.200000,1514.000000,
11604873.200000,1514.000000,
11624873.200000,1514.000000,
11644873.200000,1514.000000,
11664873.200000,1514.000000,
11684873.200000,1514.000000,
11704873.200000,1514.000000,
11724873.200000,1514.000000,
11744873.200000,1514.000000,
11764873.200000,1514.000000,
11784873.200000,1514.000000,
11804873.200000,1514.000000,
11824873.200000,1514.000000,
11844873.200000,1514.000000,
11864873.200000,1514.000000,
11884873.200000,1514.000000,
11904873.200000,1514.000000,
11924873.200000,1514.000000,
11944873.200000,1514.000000,
11964873.200000,1514.000000,
11984873.200000,1514.000000,
12004873.200000,1514.000000,
12024873.200000,1514.000000,
12044873.200000,1514.000000,
12064873.200000,1514.000000,
12084873.200000,1514.000000,
12104873.200000,1514.000000,
12124873.200000,1514.000000,
12144873.200000,1514.000000,
12164873.200000,1514.000000,
12184873.200000,1514.000000,
12204873.200000,1514.000000,
12224873.200000,1514.000000,
12244873.200000,1514.000000,
12264873.200000,1514.000000,
12284873.200000,1514.000000,
12304873.200000,1514.000000,
12324873.200000,1514.000000,
12344873.200000,1514.000000,
12364873.200000,1514.000000,
12384873.200000,1514.000000,
12404873.200000,1514.000000,
12424873.200000,1514.000000,
12444873.200000,1514.000000,
12464873.200000,1514.000000,
12484873.200000,1514.000000,
12504873.200000,1514.000000,
12524873.200000,1514.000000,
12544873.200000,1514.000000,
12564873.200000,1514.000000,
12584873.200000,1514.000000,
12604873.200000,1514.000000,
12624873.200000,1514.000000,
12644873.200000,1514.000000,
12664873.200000,1514.000000,
12684873.200000,1514.000000,
12704873.200000,1514.000000,
12724873.200000,1514.000000,
12744873.200000,1514.000000,
12764873.200000,1514.000000,
12784873.200000,1514.000000,
12804873.200000,1514.000000,
12824873.200000,1514.000000,
12844873.200000,1514.000000,
12864873.200000,1514.000000,
12884873.200000,1514.000000,
12904873.200000,1514.000000,
12924873.200000,1514.000000,
12944873.200000,1514.000000,
12964873.200000,1514.000000,
12984873.200000,1514.000000,
13004873.200000,1514.000000,
13024873.200000,1514.000000,
13044873.200000,1514.000000,
13064873.200000,1514.000000,
13084873.200000,1514.000000,
13104873.200000,1514.000000,
13124873.200000,1514.000000,
13144873.200000,1514.000000,
13164873.200000,1514.000000,
13184873.200000,1514.000000,
13204873.200000,1514.000000,
13224873.200000,1514.000000,
13244873.200000,1514.000000,
13264873.200000,1514.000000,
13284873.200000,1514.000000,
13304873.200000,1514.000000,
13324873.200000,1514.000000,
13344873.200000,1514.000000,
13364873.200000,1514.000000,
13384873.200000,1514.000000,
13404873.200000,1514.000000,
13424873.200000,1514.000000,
13444873.200000,1514.000000,
13464873.200000,1514.000000,
13484873.200000,1514.000000,
13504873.200000,1514.000000,
13524873.200000,1514.000000,
13544873.200000,1514.000000,
13564873.200000,1514.000000,
13584873.200000,1514.000000,
13604873.200000,1514.000000,
13624873.200000,1514.000000,
13644873.200000,1514.000000,
13664873.200000,1514.000000,
13684873.200000,1514.000000,
13704873.200000,1514.000000,
13724873.200000,1514.000000,
13744873.200000,1514.000000,
13764873.200000,1514.000000,
13784873.200000,1514.000000,
13804873.200000,1514.000000,
13824873.200000,1514.000000,
13844873.200000,1514.000000,
13864873.200000,1514.000000,
13884873.200000,1514.000000,
13904873.200000,1514.000000,
13924873.200000,1514.000000,
13944873.200000,1514.000000,
13964873.200000,1514.000000,
13984873.200000,1514.000000,
14004873.200000,1514.000000,
14024873.200000,1514.000000,
14044873.200000,1514.000000,
14064873.200000,1514.000000,
14084873.200000,1514.000000,
14104873.200000,1514.000000,
14124873.200000,1514.000000,
14144873.200000,1514.000000,
14164873.200000,1514.000000,
14184873.200000,1514.000000,
14204873.200000,1514.000000,
14224873.200000,1514.000000,
14244873.200000,1514.000000,
14264873.200000,1514.000000,
14284873.200000,1514.000000,
14304873.200000,1514.000000,
14324873.200000,1514.000000,
14344873.200000,1514.000000,
14364873.200000,1514.000000,
14384873.200000,1514.000000,
14404873.200000,1514.000000,
14424873.200000,1514.000000,
14444873.200000,1514.000000,
14464873.200000,1514.000000,
14484873.200000,1514.000000,
14504873.200000,1514.000000,
14524873.200000,1514.000000,
14544873.200000,1514.000000,
14564873.200000,1514.000000,
14584873.200000,1514.000000,
14604873.200000,1514.000000,
14624873.200000,1514.000000,
14644873.200000,1514.000000,
14664873.200000,1514.000000,
14684873.200000,1514.000000,
14704873.200000,1514.000000,
14724873.200000,1514.000000,
14744873.200000,1514.000000,
14764873.200000,1514.000000,
14784873.200000,1514.000000,
14804873.200000,1514.000000,
14824873.200000,1514.000000,
14844873.200000,1514.000000,
14864873.200000,1514.000000,
14884873.200000,1514.000000,
14904873.200000,1514.000000,
14924873.200000,1514.000000,
14944873.200000,1514.000000,
14964873.200000,1514.000000,
14984873.200000,1514.000000,
15004873.200000,1514.000000,
15024873.200000,1514.000000,
15044873.200000,1514.000000,
15064873.200000,1514.000000,
15084873.200000,1514.000000,
15104873.200000,1514.000000,
15124873.200000,1514.000000,
15144873.200000,1514.000000,
15164873.200000,1514.000000,
15184873.200000,1514.000000,
15204873.200000,1514.000000,
15224873.200000,1514.000000,
15244873.200000,1514.000000,
15264873.200000,1514.000000,
15284873.200000,1514.000000,
15304873.200000,1514.000000,
15324873.200000,1514.000000,
15344873.200000,1514.000000,
15364873.200000,1514.000000,
15384873.200000,1514.000000,
15404873.200000,1514.000000,
15424873.200000,1514.000000,
15444873.200000,1514.000000,
15464873.200000,1514.000000,
15484873.200000,1514.000000,
15504873.200000,1514.000000,
15524873.200000,1514.000000,
15544873.200000,1514.000000,
15564873.200000,1514.000000,
15584873.200000,1514.000000,
15604873.200000,1514.000000,
15624873.200000,1514.000000,
15644873.200000,1514.000000,
15664873.200000,1514.000000,
15684873.200000,1514.000000,
15704873.200000,1514.000000,
15724873.200000,1514.000000,
15744873.200000,1514.000000,
15764873.200000,1514.000000,
15784873.200000,1514.000000,
15804873.200000,1514.000000,
15824873.200000,1514.000000,
15844873.200000,1514.000000,
15864873.200000,1514.000000,
15884873.200000,1514.000000,
15904873.200000,1514.000000,
15924873.200000,1514.000000,
15944873.200000,1514.000000,
15964873.200000,1514.000000,
15984873.200000,1514.000000,
16004873.200000,1514.000000,
16024873.200000,1514.000000,
16044873.200000,1514.000000,
16064873.200000,1514.000000,
16084873.200000,1514.000000,
16104873.200000,1514.000000,
16124873.200000,1514.000000,
16144873.200000,1514.000000,
16164873.200000,1514.000000,
16184873.200000,1514.000000,
16204873.200000,1514.000000,
16224873.200000,1514.000000,
16244873.200000,1514.000000,
16264873.200000,1514.000000,
16284873.200000,1514.000000,
16304873.200000,1514.000000,
16324873.200000,1514.000000,
16344873.200000,1514.000000,
16364873.200000,1514.000000,
16384873.200000,1514.000000,
16404873.200000,1514.000000,
16424873.200000,1514.000000,
16444873.200000,1514.000000,
16464873.200000,1514.000000,
16484873.200000,1514.000000,
16504873.200000,1514.000000,
16524873.200000,1514.000000,
16544873.200000,1514.000000,
16564873.200000,1514.000000,
16584873.200000,1514.000000,
16604873.200000,1514.000000,
16624873.200000,1514.000000,
16644873.200000,1514.000000,
16664873.200000,1514.000000,
16684873.200000,1514.000000,
16704873.200000,1514.000000,
16724873.200000,1514.000000,
16744873.200000,1514.000000,
16764873.200000,1514.000000,
16784873.200000,1514.000000,
16804873.200000,1514.000000,
16824873.200000,1514.000000,
16844873.200000,1514.000000,
16864873.200000,1514.000000,
16884873.200000,1514.000000,
16904873.200000,1514.000000,
16924873.200000,1514.000000,
16944873.200000,1514.000000,
16964873.200000,1514.000000,
16984873.200000,1514.000000,
17004873.200000,1514.000000,
17024873.200000,1514.000000,
17044873.200000,1514.000000,
17064873.200000,1514.000000,
17084873.200000,1514.000000,
17104873.200000,1514.000000,
17124873.200000,1514.000000,
17144873.200000,1514.000000,
17164873.200000,1514.000000,
17184873.200000,1514.000000,
17204873.200000,1514.000000,
17224873.200000,1514.000000,
17244873.200000,1514.000000,
17264873.200000,1514.000000,
17284873.200000,1514.000000,
17304873.200000,1514.000000,
17324873.200000,1514.000000,
17344873.200000,1514.000000,
17364873.200000,1514.000000,
17384873.200000,1514.000000,
17404873.200000,1514.000000,
17424873.200000,1514.000000,
17444873.200000,1514.000000,
17464873.200000,1514.000000,
17484873.200000,1514.000000,
17504873.200000,1514.000000,
17524873.200000,1514.000000,
17544873.200000,1514.000000,
17564873.200000,1514.000000,
17584873.200000,1514.000000,
17604873.200000,1514.000000,
17624873.200000,1514.000000,
17644873.200000,1514.000000,
17664873.200000,1514.000000,
17684873.200000,1514.000000,
17704873.200000,1514.000000,
17724873.200000,1514.000000,
17744873.200000,1514.000000,
17764873.200000,1514.000000,
17784873.200000,1514.000000,
17804873.200000,1514.000000,
17824873.200000,1514.000000,
17844873.200000,1514.000000,
17864873.200000,1514.000000,
17884873.200000,1514.000000,
17904873.200000,1514.000000,
17924873.200000,1514.000000,
17944873.200000,1514.000000,
17964873.200000,1514.000000,
17984873.200000,1514.000000,
18004873.200000,1514.000000,
18024873.200000,1514.000000,
18044873.200000,1514.000000,
18064873.200000,1514.000000,
18084873.200000,1514.000000,
18104873.200000,1514.000000,
18124873.200000,1514.000000,
18144873.200000,1514.000000,
18164873.200000,1514.000000,
18184873.200000,1514.000000,
18204873.200000,1514.000000,
18224873.200000,1514.000000,
18244873.200000,1514.000000,
18264873.200000,1514.000000,
18284873.200000,1514.000000,
18304873.200000,1514.000000,
18324873.200000,1514.000000,
18344873.200000,1514.000000,
18364873.200000,1514.000000,
18384873.200000,1514.000000,
18404873.200000,1514.000000,
18424873.200000,1514.000000,
18444873.200000,1514.000000,
18464873.200000,1514.000000,
18484873.200000,1514.000000,
18504873.200000,1514.000000,
18524873.200000,1514.000000,
18544873.200000,1514.000000,
18564873.200000,1514.000000,
18584873.200000,1514.000000,
18604873.200000,1514.000000,
18624873.200000,1514.000000,
18644873.200000,1514.000000,
18664873.200000,1514.000000,
18684873.200000,1514.000000,
18704873.200000,1514.000000,
18724873.200000,1514.000000,
18744873.200000,1514.000000,
18764873.200000,1514.000000,
18784873.200000,1514.000000,
18804873.200000,1514.000000,
18824873.200000,1514.000000,
18844873.200000,1514.000000,
18864873.200000,1514.000000,
18884873.200000,1514.000000,
18904873.200000,1514.000000,
18924873.200000,1514.000000,
18944873.200000,1514.000000,
18964873.200000,1514.000000,
18984873.200000,1514.000000,
19004873.200000,1514.000000,
19024873.200000,1514.000000,
19044873.200000,1514.000000,
19064873.200000,1514.000000,
19084873.200000,1514.000000,
19104873.200000,1514.000000,
19124873.200000,1514.000000,
19144873.200000,1514.000000,
19164873.200000,1514.000000,
19184873.200000,1514.000000,
19204873.200000,1514.000000,
19224873.200000,1514.000000,
19244873.200000,1514.000000,
19264873.200000,1514.000000,
19284873.200000,1514.000000,
19304873.200000,1514.000000,
19324873.200000,1514.000000,
19344873.200000,1514.000000,
19364873.200000,1514.000000,
19384873.200000,1514.000000,
19404873.200000,1514.000000,
19424873.200000,1514.000000,
19444873.200000,1514.000000,
19464873.200000,1514.000000,
19484873.200000,1514.000000,
19504873.200000,1514.000000,
19524873.200000,1514.000000,
19544873.200000,1514.000000,
19564873.200000,1514.000000,
19584873.200000,1514.000000,
19604873.200000,1514.000000,
19624873.200000,1514.000000,
19644873.200000,1514.000000,
19664873.200000,1514.000000,
19684873.200000,1514.000000,
19704873.200000,1514.000000,
19724873.200000,1514.000000,
19744873.200000,1514.000000,
19764873.200000,1514.000000,
19784873.200000,1514.000000,
19804873.200000,1514.000000,
19824873.200000,1514.000000,
19844873.200000,1514.000000,
19864873.200000,1514.000000,
19884873.200000,1514.000000,
19904873.200000,1514.000000,
19924873.200000,1514.000000,
19944873.200000,1514.000000,
19964873.200000,1514.000000,
19984873.200000,1514.000000,
20004873.200000,1514.000000,
20024873.200000,1514.000000,
20044873.200000,1514.000000,
20064873.200000,1514.000000,
20084873.200000,1514.000000,
20104873.200000,1514.000000,
20124873.200000,1514.000000,
20144873.200000,1514.000000,
20164873.200000,1514.000000,
20184873.200000,1514.000000,
20204873.200000,1514.000000,
20224873.200000,1514.000000,
20244873.200000,1514.000000,
20264873.200000,1514.000000,
20284873.200000,1514.000000,
20304873.200000,1514.000000,
20324873.200000,1514.000000,
20344873.200000,1514.000000,
20364873.200000,1514.000000,
20384873.200000,1514.000000,
20404873.200000,1514.000000,
20424873.200000,1514.000000,
20444873.200000,1514.000000,
20464873.200000,1514.000000,
20484873.200000,1514.000000,
20504873.200000,1514.000000,
20524873.200000,1514.000000,
20544873.200000,1514.000000,
20564873.200000,1514.000000,
20584873.200000,1514.000000,
20604873.200000,1514.000000,
20624873.200000,1514.000000,
20644873.200000,1514.000000,
20664873.200000,1514.000000,
20684873.200000,1514.000000,
20704873.200000,1514.000000,
20724873.200000,1514.000000,
20744873.200000,1514.000000,
20764873.200000,1514.000000,
20784873.200000,1514.000000,
20804873.200000,1514.000000,
20824873.200000,1514.000000,
20844873.200000,1514.000000,
20864873.200000,1514.000000,
20884873.200000,1514.000000,
20904873.200000,1514.000000,
20924873.200000,1514.000000,
20944873.200000,1514.000000,
20964873.200000,1514.000000,
20984873.200000,1514.000000,
21004873.200000,1514.000000,
21024873.200000,1514.000000,
21044873.200000,1514.000000,
21064873.200000,1514.000000,
21084873.200000,1514.000000,
21104873.200000,1514.000000,
21124873.200000,1514.000000,
21144873.200000,1514.000000,
21164873.200000,1514.000000,
21184873.200000,1514.000000,
21204873.200000,1514.000000,
21224873.200000,1514.000000,
21244873.200000,1514.000000,
21264873.200000,1514.000000,
21284873.200000,1514.000000,
21304873.200000,1514.000000,
21324873.200000,1514.000000,
21344873.200000,1514.000000,
21364873.200000,1514.000000,
21384873.200000,1514.000000,
21404873.200000,1514.000000,
21424873.200000,1514.000000,
21444873.200000,1514.000000,
21464873.200000,1514.000000,
21484873.200000,1514.000000,
21504873.200000,1514.000000,
21524873.200000,1514.000000,
21544873.200000,1514.000000,
21564873.200000,1514.000000,
21584873.200000,1514.000000,
21604873.200000,1514.000000,
21624873.200000,1514.000000,
21644873.200000,1514.000000,
21664873.200000,1514.000000,
21684873.200000,1514.000000,
21704873.200000,1514.000000,
21724873.200000,1514.000000,
21744873.200000,1514.000000,
21764873.200000,1514.000000,
21784873.200000,1514.000000,
21804873.200000,1514.000000,
21824873.200000,1514.000000,
21844873.200000,1514.000000,
21864873.200000,1514.000000,
21884873.200000,1514.000000,
21904873.200000,1514.000000,
21924873.200000,1514.000000,
21944873.200000,1514.000000,
21964873.200000,1514.000000,
21984873.200000,1514.000000,
22004873.200000,1514.000000,
22024873.200000,1514.000000,
22044873.200000,1514.000000,
22064873.200000,1514.000000,
22084873.200000,1514.000000,
22104873.200000,1514.000000,
22124873.200000,1514.000000,
22144873.200000,1514.000000,
22164873.200000,1514.000000,
22184873.200000,1514.000000,
22204873.200000,1514.000000,
22224873.200000,1514.000000,
22244873.200000,1514.000000,
22264873.200000,1514.000000,
22284873.200000,1514.000000,
22304873.200000,1514.000000,
22324873.200000,1514.000000,
22344873.200000,1514.000000,
22364873.200000,1514.000000,
22384873.200000,1514.000000,
22404873.200000,1514.000000,
22424873.200000,1514.000000,
22444873.200000,1514.000000,
22464873.200000,1514.000000,
22484873.200000,1514.000000,
22504873.200000,1514.000000,
22524873.200000,1514.000000,
22544873.200000,1514.000000,
22564873.200000,1514.000000,
22584873.200000,1514.000000,
22604873.200000,1514.000000,
22624873.200000,1514.000000,
22644873.200000,1514.000000,
22664873.200000,1514.000000,
22684873.200000,1514.000000,
22704873.200000,1514.000000,
22724873.200000,1514.000000,
22744873.200000,1514.000000,
22764873.200000,1514.000000,
22784873.200000,1514.000000,
22804873.200000,1514.000000,
22824873.200000,1514.000000,
22844873.200000,1514.000000,
22864873.200000,1514.000000,
22884873.200000,1514.000000,
22904873.200000,1514.000000,
22924873.200000,1514.000000,
22944873.200000,1514.000000,
22964873.200000,1514.000000,
22984873.200000,1514.000000,
23004873.200000,1514.000000,
23024873.200000,1514.000000,
23044873.200000,1514.000000,
23064873.200000,1514.000000,
23084873.200000,1514.000000,
23104873.200000,1514.000000,
23124873.200000,1514.000000,
23144873.200000,1514.000000,
23164873.200000,1514.000000,
23184873.200000,1514.000000,
23204873.200000,1514.000000,
23224873.200000,1514.000000,
23244873.200000,1514.000000,
23264873.200000,1514.000000,
23284873.200000,1514.000000,
23305873.200000,1514.000000,
23325873.200000,1514.000000,
23345873.200000,1514.000000,
23365873.200000,1514.000000,
23385873.200000,1514.000000,
23405873.200000,1514.000000,
23425873.200000,1514.000000,
23445873.200000,1514.000000,
23465873.200000,1514.000000,
23485873.200000,1514.000000,
23505873.200000,1514.000000,
23525873.200000,1514.000000,
23545873.200000,1514.000000,
23565873.200000,1514.000000,
23585873.200000,1514.000000,
23605873.200000,1514.000000,
23625873.200000,1514.000000,
23645873.200000,1514.000000,
23665873.200000,1514.000000,
23685873.200000,1514.000000,
23705873.200000,1514.000000,
23725873.200000,1514.000000,
23745873.200000,1514.000000,
23765873.200000,1514.000000,
23785873.200000,1514.000000,
23805873.200000,1514.000000,
23825873.200000,1514.000000,
23845873.200000,1514.000000,
23865873.200000,1514.000000,
23885873.200000,1514.000000,
23905873.200000,1514.000000,
23925873.200000,1514.000000,
23945873.200000,1514.000000,
23965873.200000,1514.000000,
23985873.200000,1514.000000,
24005873.200000,1514.000000,
24025873.200000,1514.000000,
24045873.200000,1514.000000,
24065873.200000,1514.000000,
24085873.200000,1514.000000,
24105873.200000,1514.000000,
24125873.200000,1514.000000,
24145873.200000,1514.000000,
24165873.200000,1514.000000,
24185873.200000,1514.000000,
24205873.200000,1514.000000,
24225873.200000,1514.000000,
24245873.200000,1514.000000,
24265873.200000,1514.000000,
24285873.200000,1514.000000,
24305873.200000,1514.000000,
24325873.200000,1514.000000,
24345873.200000,1514.000000,
24365873.200000,1514.000000,
24385873.200000,1514.000000,
24405873.200000,1514.000000,
24425873.200000,1514.000000,
24445873.200000,1514.000000,
24465873.200000,1514.000000,
24485873.200000,1514.000000,
24505873.200000,1514.000000,
24525873.200000,1514.000000,
24545873.200000,1514.000000,
24565873.200000,1514.000000,
24585873.200000,1514.000000,
24605873.200000,1514.000000,
24625873.200000,1514.000000,
24645873.200000,1514.000000,
24665873.200000,1514.000000,
24685873.200000,1514.000000,
24705873.200000,1514.000000,
24725873.200000,1514.000000,
24745873.200000,1514.000000,
24765873.200000,1514.000000,
24785873.200000,1514.000000,
24805873.200000,1514.000000,
24825873.200000,1514.000000,
24845873.200000,1514.000000,
24865873.200000,1514.000000,
24885873.200000,1514.000000,
24905873.200000,1514.000000,
24925873.200000,1514.000000,
24945873.200000,1514.000000,
24965873.200000,1514.000000,
24985873.200000,1514.000000,
25005873.200000,1514.000000,
25025873.200000,1514.000000,
25045873.200000,1514.000000,
25065873.200000,1514.000000,
25085873.200000,1514.000000,
25105873.200000,1514.000000,
25125873.200000,1514.000000,
25145873.200000,1514.000000,
25165873.200000,1514.000000,
25185873.200000,1514.000000,
25205873.200000,1514.000000,
25225873.200000,1514.000000,
25245873.200000,1514.000000,
25265873.200000,1514.000000,
25285873.200000,1514.000000,
25305873.200000,1514.000000,
25325873.200000,1514.000000,
25345873.200000,1514.000000,
25365873.200000,1514.000000,
25385873.200000,1514.000000,
25405873.200000,1514.000000,
25425873.200000,1514.000000,
25445873.200000,1514.000000,
25465873.200000,1514.000000,
25485873.200000,1514.000000,
25505873.200000,1514.000000,
25525873.200000,1514.000000,
25545873.200000,1514.000000,
25565873.200000,1514.000000,
25585873.200000,1514.000000,
25605873.200000,1514.000000,
25625873.200000,1514.000000,
25645873.200000,1514.000000,
25665873.200000,1514.000000,
25685873.200000,1514.000000,
25705873.200000,1514.000000,
25725873.200000,1514.000000,
25745873.200000,1514.000000,
25765873.200000,1514.000000,
25785873.200000,1514.000000,
25805873.200000,1514.000000,
25825873.200000,1514.000000,
25845873.200000,1514.000000,
25865873.200000,1514.000000,
25885873.200000,1514.000000,
25905873.200000,1514.000000,
25925873.200000,1514.000000,
25945873.200000,1514.000000,
25965873.200000,1514.000000,
25985873.200000,1514.000000,
26005873.200000,1514.000000,
26025873.200000,1514.000000,
26045873.200000,1514.000000,
26065873.200000,1514.000000,
26085873.200000,1514.000000,
26105873.200000,1514.000000,
26125873.200000,1514.000000,
26145873.200000,1514.000000,
26165873.200000,1514.000000,
26185873.200000,1514.000000,
26205873.200000,1514.000000,
26225873.200000,1514.000000,
26245873.200000,1514.000000,
26265873.200000,1514.000000,
26285873.200000,1514.000000,
26305873.200000,1514.000000,
26325873.200000,1514.000000,
26345873.200000,1514.000000,
26365873.200000,1514.000000,
26385873.200000,1514.000000,
26405873.200000,1514.000000,
26425873.200000,1514.000000,
26445873.200000,1514.000000,
26465873.200000,1514.000000,
26485873.200000,1514.000000,
26505873.200000,1514.000000,
26525873.200000,1514.000000,
26545873.200000,1514.000000,
26565873.200000,1514.000000,
26585873.200000,1514.000000,
26605873.200000,1514.000000,
26625873.200000,1514.000000,
26645873.200000,1514.000000,
26665873.200000,1514.000000,
26685873.200000,1514.000000,
26705873.200000,1514.000000,
26725873.200000,1514.000000,
26745873.200000,1514.000000,
26765873.200000,1514.000000,
26785873.200000,1514.000000,
26805873.200000,1514.000000,
26825873.200000,1514.000000,
26845873.200000,1514.000000,
26865873.200000,1514.000000,
26885873.200000,1514.000000,
26906873.200000,1514.000000,
26926873.200000,1514.000000,
26946873.200000,1514.000000,
26966873.200000,1514.000000,
26986873.200000,1514.000000,
27006873.200000,1514.000000,
27026873.200000,1514.000000,
27046873.200000,1514.000000,
27066873.200000,1514.000000,
27086873.200000,1514.000000,
27106873.200000,1514.000000,
27126873.200000,1514.000000,
27146873.200000,1514.000000,
27166873.200000,1514.000000,
27186873.200000,1514.000000,
27206873.200000,1514.000000,
27226873.200000,1514.000000,
27246873.200000,1514.000000,
27266873.200000,1514.000000,
27286873.200000,1514.000000,
27306873.200000,1514.000000,
27326873.200000,1514.000000,
27346873.200000,1514.000000,
27366873.200000,1514.000000,
27386873.200000,1514.000000,
27406873.200000,1514.000000,
27426873.200000,1514.000000,
27446873.200000,1514.000000,
27466873.200000,1514.000000,
27486873.200000,1514.000000,
27506873.200000,1514.000000,
27526873.200000,1514.000000,
27546873.200000,1514.000000,
27566873.200000,1514.000000,
27586873.200000,1514.000000,
27606873.200000,1514.000000,
27626873.200000,1514.000000,
27646873.200000,1514.000000,
27666873.200000,1514.000000,
27686873.200000,1514.000000,
27706873.200000,1514.000000,
27726873.200000,1514.000000,
27746873.200000,1514.000000,
27766873.200000,1514.000000,
27786873.200000,1514.000000,
27806873.200000,1514.000000,
27826873.200000,1514.000000,
27846873.200000,1514.000000,
27866873.200000,1514.000000,
27886873.200000,1514.000000,
27906873.200000,1514.000000,
27926873.200000,1514.000000,
27946873.200000,1514.000000,
27966873.200000,1514.000000,
27986873.200000,1514.000000,
28006873.200000,1514.000000,
28026873.200000,1514.000000,
28046873.200000,1514.000000,
28066873.200000,1514.000000,
28086873.200000,1514.000000,
28106873.200000,1514.000000,
28126873.200000,1514.000000,
28146873.200000,1514.000000,
28166873.200000,1514.000000,
28186873.200000,1514.000000,
28206873.200000,1514.000000,
28226873.200000,1514.000000,
28246873.200000,1514.000000,
28266873.200000,1514.000000,
28286873.200000,1514.000000,
28306873.200000,1514.000000,
28326873.200000,1514.000000,
28346873.200000,1514.000000,
28366873.200000,1514.000000,
28386873.200000,1514.000000,
28406873.200000,1514.000000,
28426873.200000,1514.000000,
28446873.200000,1514.000000,
28466873.200000,1514.000000,
28486873.200000,1514.000000,
28506873.200000,1514.000000,
28526873.200000,1514.000000,
28546873.200000,1514.000000,
28566873.200000,1514.000000,
28586873.200000,1514.000000,
28606873.200000,1514.000000,
28626873.200000,1514.000000,
28646873.200000,1514.000000,
28666873.200000,1514.000000,
28686873.200000,1514.000000,
28706873.200000,1514.000000,
28726873.200000,1514.000000,
28746873.200000,1514.000000,
28766873.200000,1514.000000,
28786873.200000,1514.000000,
28806873.200000,1514.000000,
28826873.200000,1514.000000,
28846873.200000,1514.000000,
28866873.200000,1514.000000,
28886873.200000,1514.000000,
28906873.200000,1514.000000,
28926873.200000,1514.000000,
28946873.200000,1514.000000,
28966873.200000,1514.000000,
28986873.200000,1514.000000,
29006873.200000,1514.000000,
29026873.200000,1514.000000,
29046873.200000,1514.000000,
29066873.200000,1514.000000,
29086873.200000,1514.000000,
29106873.200000,1514.000000,
29126873.200000,1514.000000,
29146873.200000,1514.000000,
29166873.200000,1514.000000,
29186873.200000,1514.000000,
29206873.200000,1514.000000,
29226873.200000,1514.000000,
29246873.200000,1514.000000,
29266873.200000,1514.000000,
29286873.200000,1514.000000,
29306873.200000,1514.000000,
29326873.200000,1514.000000,
29346873.200000,1514.000000,
29366873.200000,1514.000000,
29386873.200000,1514.000000,
29406873.200000,1514.000000,
29426873.200000,1514.000000,
29446873.200000,1514.000000,
29466873.200000,1514.000000,
29486873.200000,1514.000000,
29506873.200000,1514.000000,
29526873.200000,1514.000000,
29547873.200000,1514.000000,
29567873.200000,1514.000000,
29587873.200000,1514.000000,
29607873.200000,1514.000000,
29627873.200000,1514.000000,
29647873.200000,1514.000000,
29667873.200000,1514.000000,
29687873.200000,1514.000000,
29707873.200000,1514.000000,
29727873.200000,1514.000000,
29747873.200000,1514.000000,
29767873.200000,1514.000000,
29787873.200000,1514.000000,
29807873.200000,1514.000000,
29827873.200000,1514.000000,
29847873.200000,1514.000000,
29867873.200000,1514.000000,
29887873.200000,1514.000000,
29907873.200000,1514.000000,
29927873.200000,1514.000000,
29947873.200000,1514.000000,
29967873.200000,1514.000000,
29987873.200000,1514.000000,
30007873.200000,1514.000000,
30027873.200000,1514.000000,
30047873.200000,1514.000000,
30067873.200000,1514.000000,
30087873.200000,1514.000000,
30107873.200000,1514.000000,
30127873.200000,1514.000000,
30147873.200000,1514.000000,
30167873.200000,1514.000000,
30187873.200000,1514.000000,
30207873.200000,1514.000000,
30227873.200000,1514.000000,
30247873.200000,1514.000000,
30267873.200000,1514.000000,
30287873.200000,1514.000000,
30307873.200000,1514.000000,
30327873.200000,1514.000000,
30347873.200000,1514.000000,
30367873.200000,1514.000000,
30387873.200000,1514.000000,
30407873.200000,1514.000000,
30427873.200000,1514.000000,
30447873.200000,1514.000000,
30467873.200000,1514.000000,
30487873.200000,1514.000000,
30507873.200000,1514.000000,
30527873.200000,1514.000000,
30547873.200000,1514.000000,
30567873.200000,1514.000000,
30587873.200000,1514.000000,
30607873.200000,1514.000000,
30627873.200000,1514.000000,
30647873.200000,1514.000000,
30667873.200000,1514.000000,
30687873.200000,1514.000000,
30707873.200000,1514.000000,
30727873.200000,1514.000000,
30747873.200000,1514.000000,
30767873.200000,1514.000000,
30787873.200000,1514.000000,
30807873.200000,1514.000000,
30827873.200000,1514.000000,
30847873.200000,1514.000000,
30867873.200000,1514.000000,
30887873.200000,1514.000000,
30907873.200000,1514.000000,
30927873.200000,1514.000000,
30947873.200000,1514.000000,
30967873.200000,1514.000000,
30987873.200000,1514.000000,
31007873.200000,1514.000000,
31027873.200000,1514.000000,
31047873.200000,1514.000000,
31067873.200000,1514.000000,
31087873.200000,1514.000000,
31107873.200000,1514.000000,
31127873.200000,1514.000000,
31147873.200000,1514.000000,
31167873.200000,1514.000000,
31187873.200000,1514.000000,
31207873.200000,1514.000000,
31227873.200000,1514.000000,
31247873.200000,1514.000000,
31267873.200000,1514.000000,
31287873.200000,1514.000000,
31307873.200000,1514.000000,
31327873.200000,1514.000000,
31347873.200000,1514.000000,
31367873.200000,1514.000000,
31387873.200000,1514.000000,
31407873.200000,1514.000000,
31427873.200000,1514.000000,
31447873.200000,1514.000000,
31467873.200000,1514.000000,
31487873.200000,1514.000000,
31507873.200000,1514.000000,
31527873.200000,1514.000000,
31547873.200000,1514.000000,
31567873.200000,1514.000000,
31587873.200000,1514.000000,
31607873.200000,1514.000000,
31627873.200000,1514.000000,
31647873.200000,1514.000000,
31667873.200000,1514.000000,
31687873.200000,1514.000000,
31707873.200000,1514.000000,
31727873.200000,1514.000000,
31747873.200000,1514.000000,
31767873.200000,1514.000000,
31787873.200000,1514.000000,
31807873.200000,1514.000000,
31827873.200000,1514.000000,
31847873.200000,1514.000000,
31867873.200000,1514.000000,
31887873.200000,1514.000000,
31907873.200000,1514.000000,
31927873.200000,1514.000000,
31947873.200000,1514.000000,
31967873.200000,1514.000000,
32007873.200000,1514.000000,
32027873.200000,1514.000000,
32047873.200000,1514.000000,
32067873.200000,1514.000000,
32087873.200000,1514.000000,
32107873.200000,1514.000000,
32127873.200000,1514.000000,
32147873.200000,1514.000000,
32167873.200000,1514.000000,
32187873.200000,1514.000000,
32207873.200000,1514.000000,
32227873.200000,1514.000000,
32247873.200000,1514.000000,
32267873.200000,1514.000000,
32287873.200000,1514.000000,
32307873.200000,1514.000000,
32327873.200000,1514.000000,
32347873.200000,1514.000000,
32367873.200000,1514.000000,
32387873.200000,1514.000000,
32407873.200000,1514.000000,
32427873.200000,1514.000000,
32447873.200000,1514.000000,
32467873.200000,1514.000000,
32487873.200000,1514.000000,
32507873.200000,1514.000000,
32527873.200000,1514.000000,
32547873.200000,1514.000000,
32567873.200000,1514.000000,
32587873.200000,1514.000000,
32607873.200000,1514.000000,
32627873.200000,1514.000000,
32647873.200000,1514.000000,
32667873.200000,1514.000000,
32687873.200000,1514.000000,
32707873.200000,1514.000000,
32727873.200000,1514.000000,
32747873.200000,1514.000000,
32767873.200000,1514.000000,
32787873.200000,1514.000000,
32807873.200000,1514.000000,
32827873.200000,1514.000000,
32847873.200000,1514.000000,
32867873.200000,1514.000000,
32887873.200000,1514.000000,
32907873.200000,1514.000000,
32927873.200000,1514.000000,
32947873.200000,1514.000000,
32967873.200000,1514.000000,
32987873.200000,1514.000000,
33007873.200000,1514.000000,
33027873.200000,1514.000000,
33047873.200000,1514.000000,
33067873.200000,1514.000000,
33087873.200000,1514.000000,
33107873.200000,1514.000000,
33127873.200000,1514.000000,
33147873.200000,1514.000000,
33167873.200000,1514.000000,
33190873.200000,1514.000000,
33210873.200000,1514.000000,
33230873.200000,1514.000000,
33250873.200000,1514.000000,
33270873.200000,1514.000000,
33290873.200000,1514.000000,
33310873.200000,1514.000000,
33330873.200000,1514.000000,
33350873.200000,1514.000000,
33370873.200000,1514.000000,
33390873.200000,1514.000000,
33410873.200000,1514.000000,
33430873.200000,1514.000000,
33450873.200000,1514.000000,
33470873.200000,1514.000000,
33490873.200000,1514.000000,
33510873.200000,1514.000000,
33530873.200000,1514.000000,
33550873.200000,1514.000000,
33570873.200000,1514.000000,
33590873.200000,1514.000000,
33610873.200000,1514.000000,
33630873.200000,1514.000000,
33650873.200000,1514.000000,
33670873.200000,1514.000000,
33690873.200000,1514.000000,
33710873.200000,1514.000000,
33730873.200000,1514.000000,
33750873.200000,1514.000000,
33770873.200000,1514.000000,
33790873.200000,1514.000000,
33810873.200000,1514.000000,
33830873.200000,1514.000000,
33850873.200000,1514.000000,
33870873.200000,1514.000000,
33890873.200000,1514.000000,
33910873.200000,1514.000000,
33930873.200000,1514.000000,
33950873.200000,1514.000000,
33970873.200000,1514.000000,
33990873.200000,1514.000000,
34010873.200000,1514.000000,
34030873.200000,1514.000000,
34050873.200000,1514.000000,
34070873.200000,1514.000000,
34090873.200000,1514.000000,
34110873.200000,1514.000000,
34130873.200000,1514.000000,
34150873.200000,1514.000000,
34170873.200000,1514.000000,
34190873.200000,1514.000000,
34210873.200000,1514.000000,
34230873.200000,1514.000000,
34250873.200000,1514.000000,
34270873.200000,1514.000000,
34290873.200000,1514.000000,
34310873.200000,1514.000000,
34330873.200000,1514.000000,
34350873.200000,1514.000000,
34370873.200000,1514.000000,
34410873.200000,1514.000000,
34430873.200000,1514.000000,
34450873.200000,1514.000000,
34470873.200000,1514.000000,
34490873.200000,1514.000000,
34510873.200000,1514.000000,
34530873.200000,1514.000000,
34550873.200000,1514.000000,
34570873.200000,1514.000000,
34590873.200000,1514.000000,
34610873.200000,1514.000000,
34630873.200000,1514.000000,
34650873.200000,1514.000000,
34670873.200000,1514.000000,
34690873.200000,1514.000000,
34710873.200000,1514.000000,
34730873.200000,1514.000000,
34750873.200000,1514.000000,
34770873.200000,1514.000000,
34790873.200000,1514.000000,
34810873.200000,1514.000000,
34830873.200000,1514.000000,
34850873.200000,1514.000000,
34870873.200000,1514.000000,
34890873.200000,1514.000000,
34910873.200000,1514.000000,
34930873.200000,1514.000000,
34950873.200000,1514.000000,
34970873.200000,1514.000000,
34990873.200000,1514.000000,
35010873.200000,1514.000000,
35030873.200000,1514.000000,
35050873.200000,1514.000000,
35070873.200000,1514.000000,
35090873.200000,1514.000000,
35110873.200000,1514.000000,
35130873.200000,1514.000000,
35150873.200000,1514.000000,
35170873.200000,1514.000000,
35190873.200000,1514.000000,
35210873.200000,1514.000000,
35230873.200000,1514.000000,
35250873.200000,1514.000000,
35270873.200000,1514.000000,
35290873.200000,1514.000000,
35310873.200000,1514.000000,
35330873.200000,1514.000000,
35350873.200000,1514.000000,
35370873.200000,1514.000000,
35390873.200000,1514.000000,
35410873.200000,1514.000000,
35430873.200000,1514.000000,
35450873.200000,1514.000000,
35470873.200000,1514.000000,
35490873.200000,1514.000000,
35510873.200000,1514.000000,
35530873.200000,1514.000000,
35550873.200000,1514.000000,
35570873.200000,1514.000000,
35590873.200000,1514.000000,
35610873.200000,1514.000000,
35630873.200000,1514.000000,
35650873.200000,1514.000000,
35670873.200000,1514.000000,
35690873.200000,1514.000000,
35710873.200000,1514.000000,
35730873.200000,1514.000000,
35750873.200000,1514.000000,
35770873.200000,1514.000000,
35790873.200000,1514.000000,
35810873.200000,1514.000000,
35830873.200000,1514.000000,
35850873.200000,1514.000000,
35870873.200000,1514.000000,
35890873.200000,1514.000000,
35910873.200000,1514.000000,
35930873.200000,1514.000000,
35950873.200000,1514.000000,
35970873.200000,1514.000000,
35990873.200000,1514.000000,
36010873.200000,1514.000000,
36030873.200000,1514.000000,
36050873.200000,1514.000000,
36070873.200000,1514.000000,
36090873.200000,1514.000000,
36110873.200000,1514.000000,
36130873.200000,1514.000000,
36150873.200000,1514.000000,
36170873.200000,1514.000000,
36190873.200000,1514.000000,
36210873.200000,1514.000000,
36230873.200000,1514.000000,
36250873.200000,1514.000000,
36270873.200000,1514.000000,
36290873.200000,1514.000000,
36310873.200000,1514.000000,
36330873.200000,1514.000000,
36350873.200000,1514.000000,
36370873.200000,1514.000000,
36390873.200000,1514.000000,
36410873.200000,1514.000000,
36430873.200000,1514.000000,
36450873.200000,1514.000000,
36470873.200000,1514.000000,
36490873.200000,1514.000000,
36510873.200000,1514.000000,
36530873.200000,1514.000000,
36550873.200000,1514.000000,
36570873.200000,1514.000000,
36590873.200000,1514.000000,
36610873.200000,1514.000000,
36630873.200000,1514.000000,
36650873.200000,1514.000000,
36670873.200000,1514.000000,
36690873.200000,1514.000000,
36710873.200000,1514.000000,
36730873.200000,1514.000000,
36750873.200000,1514.000000,
36770873.200000,1514.000000,
36790873.200000,1514.000000,
36810873.200000,1514.000000,
36830873.200000,1514.000000,
36850873.200000,1514.000000,
36870873.200000,1514.000000,
36890873.200000,1514.000000,
36910873.200000,1514.000000,
36930873.200000,1514.000000,
36950873.200000,1514.000000,
36970873.200000,1514.000000,
36990873.200000,1514.000000,
37010873.200000,1514.000000,
37030873.200000,1514.000000,
37050873.200000,1514.000000,
37070873.200000,1514.000000,
37090873.200000,1514.000000,
37110873.200000,1514.000000,
37130873.200000,1514.000000,
37150873.200000,1514.000000,
37170873.200000,1514.000000,
37190873.200000,1514.000000,
37210873.200000,1514.000000,
37230873.200000,1514.000000,
37250873.200000,1514.000000,
37270873.200000,1514.000000,
37290873.200000,1514.000000,
37310873.200000,1514.000000,
37330873.200000,1514.000000,
37350873.200000,1514.000000,
37370873.200000,1514.000000,
37390873.200000,1514.000000,
37410873.200000,1514.000000,
37430873.200000,1514.000000,
37450873.200000,1514.000000,
37470873.200000,1514.000000,
37490873.200000,1514.000000,
37510873.200000,1514.000000,
37530873.200000,1514.000000,
37550873.200000,1514.000000,
37570873.200000,1514.000000,
37590873.200000,1514.000000,
37610873.200000,1514.000000,
37630873.200000,1514.000000,
37650873.200000,1514.000000,
37670873.200000,1514.000000,
37690873.200000,1514.000000,
37710873.200000,1514.000000,
37730873.200000,1514.000000,
37750873.200000,1514.000000,
37770873.200000,1514.000000,
37790873.200000,1514.000000,
37830873.200000,1514.000000,
37850873.200000,1514.000000,
37870873.200000,1514.000000,
37890873.200000,1514.000000,
37910873.200000,1514.000000,
37930873.200000,1514.000000,
37954873.200000,1514.000000,
37974873.200000,1514.000000,
37994873.200000,1514.000000,
38014873.200000,1514.000000,
38034873.200000,1514.000000,
38054873.200000,1514.000000,
38074873.200000,1514.000000,
38094873.200000,1514.000000,
38114873.200000,1514.000000,
38134873.200000,1514.000000,
38154873.200000,1514.000000,
38174873.200000,1514.000000,
38194873.200000,1514.000000,
38214873.200000,1514.000000,
38234873.200000,1514.000000,
38254873.200000,1514.000000,
38274873.200000,1514.000000,
38294873.200000,1514.000000,
38314873.200000,1514.000000,
38334873.200000,1514.000000,
38354873.200000,1514.000000,
38374873.200000,1514.000000,
38394873.200000,1514.000000,
38414873.200000,1514.000000,
38434873.200000,1514.000000,
38454873.200000,1514.000000,
38474873.200000,1514.000000,
38494873.200000,1514.000000,
38514873.200000,1514.000000,
38534873.200000,1514.000000,
38554873.200000,1514.000000,
38574873.200000,1514.000000,
38594873.200000,1514.000000,
38614873.200000,1514.000000,
38634873.200000,1514.000000,
38654873.200000,1514.000000,
38674873.200000,1514.000000,
38694873.200000,1514.000000,
38714873.200000,1514.000000,
38734873.200000,1514.000000,
38754873.200000,1514.000000,
38774873.200000,1514.000000,
38794873.200000,1514.000000,
38814873.200000,1514.000000,
38834873.200000,1514.000000,
38854873.200000,1514.000000,
38874873.200000,1514.000000,
38894873.200000,1514.000000,
38914873.200000,1514.000000,
38934873.200000,1514.000000,
38954873.200000,1514.000000,
38974873.200000,1514.000000,
38994873.200000,1514.000000,
39014873.200000,1514.000000,
39034873.200000,1514.000000,
39054873.200000,1514.000000,
39074873.200000,1514.000000,
39094873.200000,1514.000000,
39114873.200000,1514.000000,
39134873.200000,1514.000000,
39154873.200000,1514.000000,
39174873.200000,1514.000000,
39194873.200000,1514.000000,
39214873.200000,1514.000000,
39234873.200000,1514.000000,
39254873.200000,1514.000000,
39274873.200000,1514.000000,
39294873.200000,1514.000000,
39314873.200000,1514.000000,
39334873.200000,1514.000000,
39354873.200000,1514.000000,
39374873.200000,1514.000000,
39394873.200000,1514.000000,
39414873.200000,1514.000000,
39434873.200000,1514.000000,
39454873.200000,1514.000000,
39474873.200000,1514.000000,
39494873.200000,1514.000000,
39514873.200000,1514.000000,
39534873.200000,1514.000000,
39554873.200000,1514.000000,
39574873.200000,1514.000000,
39594873.200000,1514.000000,
39614873.200000,1514.000000,
39634873.200000,1514.000000,
39654873.200000,1514.000000,
39674873.200000,1514.000000,
39694873.200000,1514.000000,
39714873.200000,1514.000000,
39734873.200000,1514.000000,
39754873.200000,1514.000000,
39774873.200000,1514.000000,
39794873.200000,1514.000000,
39814873.200000,1514.000000,
39834873.200000,1514.000000,
39854873.200000,1514.000000,
39874873.200000,1514.000000,
39894873.200000,1514.000000,
39914873.200000,1514.000000,
39934873.200000,1514.000000,
39954873.200000,1514.000000,
39974873.200000,1514.000000,
39994873.200000,1514.000000,
40014873.200000,1514.000000,
40034873.200000,1514.000000,
40054873.200000,1514.000000,
40074873.200000,1514.000000,
40094873.200000,1514.000000,
40114873.200000,1514.000000,
40134873.200000,1514.000000,
40154873.200000,1514.000000,
40174873.200000,1514.000000,
40194873.200000,1514.000000,
40214873.200000,1514.000000,
40234873.200000,1514.000000,
40254873.200000,1514.000000,
40274873.200000,1514.000000,
40294873.200000,1514.000000,
40314873.200000,1514.000000,
40334873.200000,1514.000000,
40354873.200000,1514.000000,
40374873.200000,1514.000000,
40394873.200000,1514.000000,
40414873.200000,1514.000000,
40434873.200000,1514.000000,
40454873.200000,1514.000000,
40474873.200000,1514.000000,
40494873.200000,1514.000000,
40514873.200000,1514.000000,
40534873.200000,1514.000000,
40554873.200000,1514.000000,
40574873.200000,1514.000000,
40594873.200000,1514.000000,
40614873.200000,1514.000000,
40634873.200000,1514.000000,
40654873.200000,1514.000000,
40674873.200000,1514.000000,
40694873.200000,1514.000000,
40714873.200000,1514.000000,
40734873.200000,1514.000000,
40754873.200000,1514.000000,
40774873.200000,1514.000000,
40794873.200000,1514.000000,
40814873.200000,1514.000000,
40834873.200000,1514.000000,
40854873.200000,1514.000000,
40874873.200000,1514.000000,
40894873.200000,1514.000000,
40914873.200000,1514.000000,
40934873.200000,1514.000000,
40954873.200000,1514.000000,
40974873.200000,1514.000000,
40994873.200000,1514.000000,
41014873.200000,1514.000000,
41034873.200000,1514.000000,
41054873.200000,1514.000000,
41074873.200000,1514.000000,
41094873.200000,1514.000000,
41114873.200000,1514.000000,
41134873.200000,1514.000000,
41154873.200000,1514.000000,
41174873.200000,1514.000000,
41194873.200000,1514.000000,
41214873.200000,1514.000000,
41234873.200000,1514.000000,
41254873.200000,1514.000000,
41274873.200000,1514.000000,
41294873.200000,1514.000000,
41314873.200000,1514.000000,
41334873.200000,1514.000000,
41354873.200000,1514.000000,
41374873.200000,1514.000000,
41394873.200000,1514.000000,
41414873.200000,1514.000000,
41434873.200000,1514.000000,
41454873.200000,1514.000000,
41474873.200000,1514.000000,
41494873.200000,1514.000000,
41514873.200000,1514.000000,
41534873.200000,1514.000000,
41554873.200000,1514.000000,
41574873.200000,1514.000000,
41594873.200000,1514.000000,
41614873.200000,1514.000000,
41634873.200000,1514.000000,
41654873.200000,1514.000000,
41674873.200000,1514.000000,
41694873.200000,1514.000000,
41714873.200000,1514.000000,
41734873.200000,1514.000000,
41754873.200000,1514.000000,
41774873.200000,1514.000000,
41794873.200000,1514.000000,
41814873.200000,1514.000000,
41834873.200000,1514.000000,
41854873.200000,1514.000000,
41874873.200000,1514.000000,
41894873.200000,1514.000000,
41914873.200000,1514.000000,
41934873.200000,1514.000000,
41954873.200000,1514.000000,
41974873.200000,1514.000000,
41994873.200000,1514.000000,
42014873.200000,1514.000000,
42034873.200000,1514.000000,
42054873.200000,1514.000000,
42074873.200000,1514.000000,
42094873.200000,1514.000000,
42114873.200000,1514.000000,
42134873.200000,1514.000000,
42154873.200000,1514.000000,
42174873.200000,1514.000000,
42194873.200000,1514.000000,
42214873.200000,1514.000000,
42234873.200000,1514.000000,
42254873.200000,1514.000000,
42274873.200000,1514.000000,
42294873.200000,1514.000000,
42314873.200000,1514.000000,
42334873.200000,1514.000000,
42354873.200000,1514.000000,
42374873.200000,1514.000000,
42394873.200000,1514.000000,
42414873.200000,1514.000000,
42434873.200000,1514.000000,
42454873.200000,1514.000000,
42474873.200000,1514.000000,
42494873.200000,1514.000000,
42514873.200000,1514.000000,
42534873.200000,1514.000000,
42554873.200000,1514.000000,
42574873.200000,1514.000000,
42594873.200000,1514.000000,
42614873.200000,1514.000000,
42634873.200000,1514.000000,
42654873.200000,1514.000000,
42674873.200000,1514.000000,
42694873.200000,1514.000000,
42714873.200000,1514.000000,
42734873.200000,1514.000000,
42754873.200000,1514.000000,
42774873.200000,1514.000000,
42794873.200000,1514.000000,
42814873.200000,1514.000000,
42834873.200000,1514.000000,
42854873.200000,1514.000000,
42874873.200000,1514.000000,
42894873.200000,1514.000000,
42914873.200000,1514.000000,
42934873.200000,1514.000000,
42954873.200000,1514.000000,
42974873.200000,1514.000000,
42994873.200000,1514.000000,
43014873.200000,1514.000000,
43034873.200000,1514.000000,
43054873.200000,1514.000000,
43074873.200000,1514.000000,
43094873.200000,1514.000000,
43114873.200000,1514.000000,
43134873.200000,1514.000000,
43154873.200000,1514.000000,
43174873.200000,1514.000000,
43194873.200000,1514.000000,
